county,administered_date,total_doses,cumulative_total_doses,pfizer_doses,cumulative_pfizer_doses,moderna_doses,cumulative_moderna_doses,jj_doses,cumulative_jj_doses,partially_vaccinated,total_partially_vaccinated,fully_vaccinated,cumulative_fully_vaccinated,at_least_one_dose,cumulative_at_least_one_dose,california_flag
All CA Counties,2020-12-15,1132,1132,1132,1132,0,0,0,0,1132,1132,0,0,1132,1132,
All CA Counties,2020-12-16,8116,9248,8116,9248,0,0,0,0,8116,9248,0,0,8116,9248,
All CA Counties,2020-12-17,25710,34958,25710,34958,0,0,0,0,25712,34960,0,0,25712,34960,
All CA Counties,2020-12-18,43739,78697,43685,78643,54,54,0,0,43740,78700,0,0,43740,78700,
All CA Counties,2020-12-19,25195,103892,25172,103815,23,77,0,0,25194,103893,1,1,25194,103894,
All CA Counties,2020-12-20,18935,122827,18905,122720,30,107,0,0,18934,122826,1,2,18934,122828,
All CA Counties,2020-12-21,49519,172346,49439,172159,80,187,0,0,49522,172347,1,3,49522,172350,
All CA Counties,2020-12-22,49846,222192,47733,219892,2113,2300,0,0,49844,222190,1,4,49844,222194,
All CA Counties,2020-12-23,50231,272423,41527,261419,8704,11004,0,0,50227,272417,0,4,50227,272421,
All CA Counties,2020-12-24,24009,296432,16316,277735,7693,18697,0,0,24006,296422,1,5,24006,296427,
All CA Counties,2020-12-25,2330,298762,2011,279746,319,19016,0,0,2330,298752,0,5,2330,298757,
All CA Counties,2020-12-26,14604,313366,9432,289178,5172,24188,0,0,14603,313354,1,6,14603,313360,
All CA Counties,2020-12-27,9388,322754,5565,294743,3823,28011,0,0,9387,322740,1,7,9387,322747,
All CA Counties,2020-12-28,45636,368390,29257,324000,16379,44390,0,0,45634,368371,3,10,45634,368381,
All CA Counties,2020-12-29,51011,419401,28509,352509,22502,66892,0,0,51007,419375,3,13,51007,419388,
All CA Counties,2020-12-30,62875,482276,35630,388139,27245,94137,0,0,62869,482241,3,16,62869,482257,
All CA Counties,2020-12-31,29274,511550,10833,398972,18441,112578,0,0,29266,511502,5,21,29266,511523,
All CA Counties,2021-01-01,3937,515487,1738,400710,2199,114777,0,0,3932,515431,3,24,3932,515455,
All CA Counties,2021-01-02,18427,533914,10220,410930,8207,122984,0,0,18426,533857,0,24,18426,533881,
All CA Counties,2021-01-03,6129,540043,3474,414404,2655,125639,0,0,6100,539945,12,36,6100,539981,
All CA Counties,2021-01-04,43352,583395,21934,436338,21418,147057,0,0,43272,583173,44,80,43272,583253,
All CA Counties,2021-01-05,56205,639600,29588,465926,26617,173674,0,0,50771,628652,5378,5458,50857,634110,
All CA Counties,2021-01-06,72968,712568,40354,506280,32614,206288,0,0,57686,671260,15106,20564,57714,691824,
All CA Counties,2021-01-07,91664,804232,52146,558426,39518,245806,0,0,61234,702267,30271,50835,61278,753102,
All CA Counties,2021-01-08,106162,910394,63944,622370,42218,288024,0,0,65126,726545,40904,91739,65182,818284,
All CA Counties,2021-01-09,43597,953991,25051,647421,18546,306570,0,0,27504,737998,16073,107812,27526,845810,
All CA Counties,2021-01-10,24214,978205,14815,662236,9399,315969,0,0,12999,739815,11199,119011,13016,858826,
All CA Counties,2021-01-11,104132,1082337,69277,731513,34855,350824,0,0,60445,756776,43647,162658,60608,919434,
All CA Counties,2021-01-12,112469,1194806,66403,797916,46066,396890,0,0,71542,787691,40848,203506,71763,991197,
All CA Counties,2021-01-13,118516,1313322,61393,859309,57123,454013,0,0,84909,839151,33521,237027,84981,1076178,
All CA Counties,2021-01-14,123066,1436388,49300,908609,73766,527779,0,0,103569,923465,19395,256422,103709,1179887,
All CA Counties,2021-01-15,141568,1577956,52019,960628,89549,617328,0,0,126590,1035349,14886,271308,126770,1306657,
All CA Counties,2021-01-16,80324,1658280,27372,988000,52952,670280,0,0,72805,1100708,7494,278802,72853,1379510,
All CA Counties,2021-01-17,48021,1706301,16770,1004770,31251,701531,0,0,44392,1141523,3622,282424,44437,1423947,
All CA Counties,2021-01-18,87586,1793887,45559,1050329,42027,743558,0,0,68460,1191086,19046,301470,68609,1492556,
All CA Counties,2021-01-19,141441,1935328,73335,1123664,68106,811664,0,0,110396,1270840,30953,332423,110707,1603263,
All CA Counties,2021-01-20,158057,2093385,80198,1203862,77859,889523,0,0,124937,1363079,32940,365363,125179,1728442,
All CA Counties,2021-01-21,172009,2265394,76120,1279982,95889,985412,0,0,153189,1497966,18619,383982,153506,1881948,
All CA Counties,2021-01-22,168652,2434046,68814,1348796,99838,1085250,0,0,154465,1638531,14058,398040,154623,2036571,
All CA Counties,2021-01-23,110952,2544998,49392,1398188,61560,1146810,0,0,98427,1724604,12466,410506,98539,2135110,
All CA Counties,2021-01-24,60871,2605869,29472,1427660,31399,1178209,0,0,56240,1776296,4600,415106,56292,2191402,
All CA Counties,2021-01-25,143687,2749556,64820,1492480,78867,1257076,0,0,109042,1851115,34562,449668,109381,2300783,
All CA Counties,2021-01-26,167589,2917145,82337,1574817,85252,1342328,0,0,130513,1944929,36952,486620,130766,2431549,
All CA Counties,2021-01-27,179193,3096338,87786,1662603,91407,1433735,0,0,140290,2046876,38538,525158,140485,2572034,
All CA Counties,2021-01-28,186686,3283024,85941,1748544,100745,1534480,0,0,152918,2166491,33487,558645,153102,2725136,
All CA Counties,2021-01-29,182519,3465543,87873,1836417,94646,1629126,0,0,148173,2281032,33782,592427,148323,2873459,
All CA Counties,2021-01-30,122699,3588242,55145,1891562,67554,1696680,0,0,107735,2374101,14802,607229,107871,2981330,
All CA Counties,2021-01-31,69149,3657391,38872,1930434,30277,1726957,0,0,64107,2433264,4995,612224,64158,3045488,
All CA Counties,2021-02-01,158011,3815402,72780,2003214,85231,1812188,0,0,119954,2515429,37915,650139,120080,3165568,
All CA Counties,2021-02-02,185492,4000894,79395,2082609,106097,1918285,0,0,139845,2610189,45301,695440,140061,3305629,
All CA Counties,2021-02-03,209729,4210623,94783,2177392,114946,2033231,0,0,156123,2713401,53136,748576,156348,3461977,
All CA Counties,2021-02-04,227232,4437855,99694,2277086,127538,2160769,0,0,166923,2820896,59772,808348,167267,3629244,
All CA Counties,2021-02-05,245153,4683008,106209,2383295,138944,2299713,0,0,166913,2910866,77490,885838,167460,3796704,
All CA Counties,2021-02-06,154379,4837387,74649,2457944,79730,2379443,0,0,119835,2996808,34379,920217,120321,3917025,
All CA Counties,2021-02-07,66587,4903974,43042,2500986,23545,2402988,0,0,50220,3031189,16282,936499,50663,3967688,
All CA Counties,2021-02-08,179782,5083756,88218,2589204,91564,2494552,0,0,118772,3090118,60563,997062,119492,4087180,
All CA Counties,2021-02-09,210171,5293927,101545,2690749,108626,2603178,0,0,126299,3134100,83442,1080504,127424,4214604,
All CA Counties,2021-02-10,247638,5541565,119571,2810320,128067,2731245,0,0,138189,3165092,108641,1189145,139633,4354237,
All CA Counties,2021-02-11,263255,5804820,130427,2940747,132828,2864073,0,0,144943,3194507,117289,1306434,146704,4500941,
All CA Counties,2021-02-12,270964,6075784,118785,3059532,152179,3016252,0,0,146653,3219973,123527,1429961,148993,4649934,
All CA Counties,2021-02-13,166161,6241945,76998,3136530,89163,3105415,0,0,91852,3239868,73895,1503856,93790,4743724,
All CA Counties,2021-02-14,95129,6337074,47418,3183948,47711,3153126,0,0,51552,3249665,43427,1547283,53224,4796948,
All CA Counties,2021-02-15,141424,6478498,62162,3246110,79262,3232388,0,0,78369,3268514,62706,1609989,81555,4878503,
All CA Counties,2021-02-16,247506,6726004,117487,3363597,130019,3362407,0,0,132830,3290444,114330,1724319,136260,5014763,
All CA Counties,2021-02-17,256796,6982800,128062,3491659,128734,3491141,0,0,128292,3294371,128015,1852334,131942,5146705,
All CA Counties,2021-02-18,270864,7253664,141554,3633213,129310,3620451,0,0,131851,3292535,138376,1990710,136540,5283245,
All CA Counties,2021-02-19,251234,7504898,145768,3778981,105466,3725917,0,0,129945,3303802,120850,2111560,132117,5415362,
All CA Counties,2021-02-20,151308,7656206,96825,3875806,54483,3780400,0,0,83295,3321606,67779,2179339,85583,5500945,
All CA Counties,2021-02-21,71969,7728175,58065,3933871,13904,3794304,0,0,35512,3323166,36241,2215580,37801,5538746,
All CA Counties,2021-02-22,162554,7890729,109055,4042926,53499,3847803,0,0,81594,3326598,80654,2296234,84086,5622832,
All CA Counties,2021-02-23,221574,8112303,116452,4159378,105122,3952925,0,0,102902,3318312,118152,2414386,109866,5732698,
All CA Counties,2021-02-24,280379,8392682,141355,4300733,139024,4091949,0,0,133642,3314414,146156,2560542,142258,5874956,
All CA Counties,2021-02-25,315370,8708052,154111,4454844,161259,4253208,0,0,164873,3338888,149855,2710397,174329,6049285,
All CA Counties,2021-02-26,349378,9057430,162709,4617553,186669,4439877,0,0,195580,3388823,152961,2863358,202896,6252181,
All CA Counties,2021-02-27,245519,9302949,117341,4734894,128159,4568036,19,19,139038,3426524,105931,2969289,143632,6395813,
All CA Counties,2021-02-28,129386,9432335,77222,4812116,52161,4620197,3,22,75802,3452921,53207,3022496,79604,6475417,
All CA Counties,2021-03-01,235853,9668188,124970,4937086,110839,4731036,44,66,136411,3495417,98824,3121320,141320,6616737,
All CA Counties,2021-03-02,274825,9943013,133699,5070785,141111,4872147,15,81,163717,3556323,110668,3231988,171574,6788311,
All CA Counties,2021-03-03,326526,10269539,161221,5232006,165270,5037417,35,116,187580,3613797,138331,3370319,195805,6984116,
All CA Counties,2021-03-04,345008,10614547,173330,5405336,171596,5209013,82,198,202154,3681447,142173,3512492,209823,7193939,
All CA Counties,2021-03-05,330868,10945415,160845,5566181,168920,5377933,1103,1301,204928,3769873,125210,3637702,213636,7407575,
All CA Counties,2021-03-06,254941,11200356,129963,5696144,117200,5495133,7778,9079,157994,3844316,96572,3734274,171015,7578590,
All CA Counties,2021-03-07,123965,11324321,75372,5771516,44563,5539696,4030,13109,77100,3883309,46704,3780978,85697,7664287,
All CA Counties,2021-03-08,214625,11538946,103172,5874688,101104,5640800,10349,23458,139918,3964203,74374,3855352,155268,7819555,
All CA Counties,2021-03-09,265477,11804423,114890,5989578,134833,5775633,15754,39212,143277,4007177,121777,3977129,164751,7984306,
All CA Counties,2021-03-10,312331,12116754,153410,6142988,135203,5910836,23718,62930,167992,4060631,143766,4120895,197220,8181526,
All CA Counties,2021-03-11,371134,12487888,178989,6321977,159452,6070288,32693,95623,190863,4110181,179431,4300326,228981,8410507,
All CA Counties,2021-03-12,387298,12875186,172182,6494159,169288,6239576,45828,141451,189029,4151539,197548,4497874,238906,8649413,
All CA Counties,2021-03-13,278013,13153199,121682,6615841,125596,6365172,30735,172186,150127,4209206,127485,4625359,185152,8834565,
All CA Counties,2021-03-14,152287,13305486,81272,6697113,56241,6421413,14774,186960,82242,4238804,69798,4695157,99396,8933961,
All CA Counties,2021-03-15,287068,13592554,136607,6833720,130143,6551556,20318,207278,156877,4289891,129530,4824687,180617,9114578,
All CA Counties,2021-03-16,366204,13958758,171312,7005032,177817,6729373,17075,224353,214297,4373914,151237,4975924,235260,9349838,
All CA Counties,2021-03-17,377894,14336652,186676,7191708,173042,6902415,18176,242529,234647,4487179,142538,5118462,255803,9605641,
All CA Counties,2021-03-18,393324,14729976,199615,7391323,176017,7078432,17692,260221,236082,4587834,156264,5274726,256919,9862560,
All CA Counties,2021-03-19,402613,15132589,210484,7601807,170827,7249259,21302,281523,236219,4682337,165523,5440249,260026,10122586,
All CA Counties,2021-03-20,289536,15422125,151775,7753582,122104,7371363,15657,297180,186129,4783226,102826,5543075,203715,10326301,
All CA Counties,2021-03-21,141089,15563214,97061,7850643,36648,7408011,7380,304560,89143,4830824,51665,5594740,99263,10425564,
All CA Counties,2021-03-22,268093,15831307,156331,8006974,100915,7508926,10847,315407,177401,4932542,90076,5684816,191794,10617358,
All CA Counties,2021-03-23,351344,16182651,192745,8199719,147945,7656871,10654,326061,226446,5048366,124097,5808913,239921,10857279,
All CA Counties,2021-03-24,380961,16563612,218355,8418074,150584,7807455,12022,338083,224677,5133138,155194,5964107,239966,11097245,
All CA Counties,2021-03-25,408606,16972218,224376,8642450,169958,7977413,14272,352355,235655,5213465,171798,6135905,252125,11349370,
All CA Counties,2021-03-26,425926,17398144,227190,8869640,183013,8160426,15723,368078,235817,5278974,189030,6324935,254539,11603909,
All CA Counties,2021-03-27,306103,17704247,162631,9032271,132188,8292614,11284,379362,157468,5302069,147920,6472855,171015,11774924,
All CA Counties,2021-03-28,165854,17870101,105849,9138120,56439,8349053,3566,382928,90903,5323860,74593,6547448,96384,11871308,
All CA Counties,2021-03-29,305563,18175664,164790,9302910,132254,8481307,8519,391447,174403,5378754,130519,6677967,185413,12056721,
All CA Counties,2021-03-30,391481,18567145,197615,9500525,176564,8657871,17302,408749,238967,5485011,151852,6829819,258109,12314830,
All CA Counties,2021-03-31,418254,18985399,227335,9727860,169911,8827782,21008,429757,240566,5570829,176861,7006680,262679,12577509,
All CA Counties,2021-04-01,479375,19464774,245426,9973286,195449,9023231,38500,468257,266386,5664955,212034,7218714,306160,12883669,
All CA Counties,2021-04-02,462841,19927615,226036,10199322,195310,9218541,41495,509752,253455,5753276,208327,7427041,296648,13180317,
All CA Counties,2021-04-03,322330,20249945,163927,10363249,118295,9336836,40108,549860,161957,5796964,159823,7586864,203511,13383828,
All CA Counties,2021-04-04,130991,20380936,68310,10431559,43943,9380779,18738,568598,58489,5802164,72277,7659141,77477,13461305,
All CA Counties,2021-04-05,347468,20728404,179219,10610778,129536,9510315,38713,607311,173271,5843237,173656,7832797,214729,13676034,
All CA Counties,2021-04-06,451114,21179518,229041,10839819,157684,9667999,64389,671700,220649,5901167,229681,8062478,287611,13963645,
All CA Counties,2021-04-07,464882,21644400,241940,11081759,154188,9822187,68754,740454,228465,5965077,235606,8298084,299516,14263161,
All CA Counties,2021-04-08,491539,22135939,248681,11330440,159939,9982126,82919,823373,233039,6025938,257516,8555600,318377,14581538,
All CA Counties,2021-04-09,481404,22617343,239938,11570378,163384,10145510,78082,901455,223516,6074112,256982,8812582,305156,14886694,
All CA Counties,2021-04-10,359346,22976689,165061,11735439,121762,10267272,72523,973978,151816,6094513,206918,9019500,227319,15114013,
All CA Counties,2021-04-11,183947,23160636,102703,11838142,47571,10314843,33673,1007651,76150,6100393,107495,9126995,113375,15227388,
All CA Counties,2021-04-12,334623,23495259,172326,12010468,125076,10439919,37221,1044872,156042,6119467,177760,9304755,196834,15424222,
All CA Counties,2021-04-13,425070,23920329,236897,12247365,187264,10627183,909,1045781,237483,6175001,186730,9491485,242264,15666486,
All CA Counties,2021-04-14,441435,24361764,247906,12495271,193261,10820444,268,1046049,231889,6204753,208534,9700019,238286,15904772,
All CA Counties,2021-04-15,478284,24840048,278822,12774093,199240,11019684,222,1046271,269017,6270691,208006,9908025,273944,16178716,
All CA Counties,2021-04-16,464180,25304228,261912,13036005,201971,11221655,297,1046568,248938,6308714,214179,10122204,252202,16430918,
All CA Counties,2021-04-17,330956,25635184,186531,13222536,144386,11366041,39,1046607,187719,6357787,142592,10264796,191665,16622583,
All CA Counties,2021-04-18,151250,25786434,95769,13318305,55466,11421507,15,1046622,79014,6368563,71893,10336689,82669,16705252,
All CA Counties,2021-04-19,313336,26099770,181283,13499588,131960,11553467,93,1046715,148986,6357132,163599,10500288,152168,16857420,
All CA Counties,2021-04-20,401215,26500985,213490,13713078,187680,11741147,45,1046760,200739,6363959,199593,10699881,206420,17063840,
All CA Counties,2021-04-21,413468,26914453,234588,13947666,178632,11919779,248,1047008,199918,6357761,212372,10912253,206174,17270014,
All CA Counties,2021-04-22,436461,27350914,248265,14195931,188126,12107905,70,1047078,196400,6322612,238867,11151120,203718,17473732,
All CA Counties,2021-04-23,426902,27777816,243720,14439651,183103,12291008,79,1047157,193743,6295132,231984,11383104,204504,17678236,
All CA Counties,2021-04-24,317098,28094914,200989,14640640,115953,12406961,156,1047313,161918,6310257,154370,11537474,169495,17847731,
All CA Counties,2021-04-25,147238,28242152,96967,14737607,50209,12457170,62,1047375,78850,6323546,68021,11605495,81310,17929041,
All CA Counties,2021-04-26,263925,28506077,153619,14891226,108947,12566117,1359,1048734,114065,6298441,149088,11754583,123983,18053024,
All CA Counties,2021-04-27,332757,28838834,183675,15074901,143822,12709939,5260,1053994,133539,6247873,198267,11952850,147699,18200723,
All CA Counties,2021-04-28,325816,29164650,185210,15260111,133210,12843149,7396,1061390,131260,6200659,193697,12146547,146483,18347206,
All CA Counties,2021-04-29,292055,29456705,164284,15424395,121021,12964170,6750,1068140,103501,6131862,187757,12334304,118960,18466166,
All CA Counties,2021-04-30,256178,29712883,148496,15572891,103673,13067843,4009,1072149,92263,6072186,163221,12497525,103545,18569711,
All CA Counties,2021-05-01,159777,29872660,101624,15674515,55394,13123237,2759,1074908,58090,6036441,101292,12598817,65547,18635258,
All CA Counties,2021-05-02,55008,29927668,41519,15716034,12468,13135705,1021,1075929,22634,6028899,32204,12631021,24662,18659920,
All CA and Non-CA Counties,2020-12-15,1139,1139,1139,1139,0,0,0,0,1139,1139,0,0,1139,1139,
All CA and Non-CA Counties,2020-12-16,8381,9520,8381,9520,0,0,0,0,8381,9520,0,0,8381,9520,
All CA and Non-CA Counties,2020-12-17,27311,36831,27311,36831,0,0,0,0,27311,36831,0,0,27311,36831,
All CA and Non-CA Counties,2020-12-18,46306,83137,46245,83076,61,61,0,0,46306,83137,0,0,46306,83137,
All CA and Non-CA Counties,2020-12-19,26315,109452,26291,109367,24,85,0,0,26314,109450,1,1,26314,109451,
All CA and Non-CA Counties,2020-12-20,19633,129085,19601,128968,32,117,0,0,19632,129081,1,2,19632,129083,
All CA and Non-CA Counties,2020-12-21,51716,180801,51633,180601,83,200,0,0,51714,180794,1,3,51714,180797,
All CA and Non-CA Counties,2020-12-22,51914,232715,49728,230329,2186,2386,0,0,51912,232705,1,4,51912,232709,
All CA and Non-CA Counties,2020-12-23,51751,284466,42914,273243,8837,11223,0,0,51747,284452,0,4,51747,284456,
All CA and Non-CA Counties,2020-12-24,24813,309279,16928,290171,7885,19108,0,0,24810,309261,1,5,24810,309266,
All CA and Non-CA Counties,2020-12-25,2363,311642,2040,292211,323,19431,0,0,2363,311624,0,5,2363,311629,
All CA and Non-CA Counties,2020-12-26,14913,326555,9637,301848,5276,24707,0,0,14912,326535,1,6,14912,326541,
All CA and Non-CA Counties,2020-12-27,9576,336131,5638,307486,3938,28645,0,0,9575,336109,1,7,9575,336116,
All CA and Non-CA Counties,2020-12-28,47057,383188,30161,337647,16896,45541,0,0,47054,383160,3,10,47054,383170,
All CA and Non-CA Counties,2020-12-29,52565,435753,29529,367176,23036,68577,0,0,52561,435718,3,13,52561,435731,
All CA and Non-CA Counties,2020-12-30,64860,500613,36921,404097,27939,96516,0,0,64852,500567,3,16,64852,500583,
All CA and Non-CA Counties,2020-12-31,30397,531010,11433,415530,18964,115480,0,0,30387,530948,6,22,30387,530970,
All CA and Non-CA Counties,2021-01-01,4048,535058,1761,417291,2287,117767,0,0,4043,534988,3,25,4043,535013,
All CA and Non-CA Counties,2021-01-02,18668,553726,10353,427644,8315,126082,0,0,18666,553653,1,26,18666,553679,
All CA and Non-CA Counties,2021-01-03,6299,560025,3564,431208,2735,128817,0,0,6270,559911,12,38,6270,559949,
All CA and Non-CA Counties,2021-01-04,44499,604524,22446,453654,22053,150870,0,0,44414,604281,44,82,44414,604363,
All CA and Non-CA Counties,2021-01-05,57745,662269,30399,484053,27346,178216,0,0,52121,650921,5567,5649,52207,656570,
All CA and Non-CA Counties,2021-01-06,75702,737971,41978,526031,33724,211940,0,0,59664,694755,15858,21507,59692,716262,
All CA and Non-CA Counties,2021-01-07,95915,833886,54788,580819,41127,253067,0,0,63792,726631,31962,53469,63838,780100,
All CA and Non-CA Counties,2021-01-08,110708,944594,66889,647708,43819,296886,0,0,67773,751670,42793,96262,67832,847932,
All CA and Non-CA Counties,2021-01-09,44916,989510,25579,673287,19337,316223,0,0,28499,763796,16397,112659,28523,876455,
All CA and Non-CA Counties,2021-01-10,24516,1014026,14996,688283,9520,325743,0,0,13181,765675,11319,123978,13198,889653,
All CA and Non-CA Counties,2021-01-11,107463,1121489,71311,759594,36152,361895,0,0,62438,783292,44984,168962,62601,952254,
All CA and Non-CA Counties,2021-01-12,116355,1237844,68723,828317,47632,409527,0,0,73883,815010,42388,211350,74106,1026360,
All CA and Non-CA Counties,2021-01-13,122217,1360061,63205,891522,59012,468539,0,0,87436,867823,34697,246047,87510,1113870,
All CA and Non-CA Counties,2021-01-14,126822,1486883,50578,942100,76244,544783,0,0,106683,954623,20024,266071,106824,1220694,
All CA and Non-CA Counties,2021-01-15,145849,1632732,53014,995114,92835,637618,0,0,130401,1069861,15343,281414,130581,1351275,
All CA and Non-CA Counties,2021-01-16,83028,1715760,27761,1022875,55267,692885,0,0,75339,1137586,7662,289076,75387,1426662,
All CA and Non-CA Counties,2021-01-17,48518,1764278,16921,1039796,31597,724482,0,0,44840,1178800,3671,292747,44885,1471547,
All CA and Non-CA Counties,2021-01-18,88835,1853113,46380,1086176,42455,766937,0,0,69251,1228698,19503,312250,69401,1540948,
All CA and Non-CA Counties,2021-01-19,145504,1998617,74675,1160851,70829,837766,0,0,113562,1310725,31849,344099,113876,1654824,
All CA and Non-CA Counties,2021-01-20,162533,2161150,81684,1242535,80849,918615,0,0,128429,1405475,33922,378021,128672,1783496,
All CA and Non-CA Counties,2021-01-21,176197,2337347,77291,1319826,98906,1017521,0,0,156814,1543437,19169,397190,157131,1940627,
All CA and Non-CA Counties,2021-01-22,173319,2510666,69927,1389753,103392,1120913,0,0,158737,1687884,14449,411639,158896,2099523,
All CA and Non-CA Counties,2021-01-23,113220,2623886,49729,1439482,63491,1184404,0,0,100532,1775899,12629,424268,100644,2200167,
All CA and Non-CA Counties,2021-01-24,61475,2685361,29717,1469199,31758,1216162,0,0,56767,1828040,4678,428946,56819,2256986,
All CA and Non-CA Counties,2021-01-25,148169,2833530,66793,1535992,81376,1297538,0,0,112656,1905608,35428,464374,112996,2369982,
All CA and Non-CA Counties,2021-01-26,173634,3007164,85323,1621315,88311,1385849,0,0,135717,2003790,37795,502169,135977,2505959,
All CA and Non-CA Counties,2021-01-27,184029,3191193,90473,1711788,93556,1479405,0,0,144511,2109348,39149,541318,144707,2650666,
All CA and Non-CA Counties,2021-01-28,192131,3383324,88971,1800759,103160,1582565,0,0,157780,2233250,34062,575380,157964,2808630,
All CA and Non-CA Counties,2021-01-29,187473,3570797,90993,1891752,96480,1679045,0,0,152349,2351190,34561,609941,152501,2961131,
All CA and Non-CA Counties,2021-01-30,127047,3697844,57447,1949199,69600,1748645,0,0,111862,2448164,15024,624965,111998,3073129,
All CA and Non-CA Counties,2021-01-31,72337,3770181,41642,1990841,30695,1779340,0,0,67242,2510409,5049,630014,67294,3140423,
All CA and Non-CA Counties,2021-02-01,163527,3933708,75380,2066221,88147,1867487,0,0,124766,2596687,38614,668628,124892,3265315,
All CA and Non-CA Counties,2021-02-02,192318,4126026,81627,2147848,110691,1978178,0,0,145947,2696833,46017,714645,146163,3411478,
All CA and Non-CA Counties,2021-02-03,217100,4343126,96909,2244757,120191,2098369,0,0,162618,2805674,54003,768648,162844,3574322,
All CA and Non-CA Counties,2021-02-04,234085,4577211,101922,2346679,132163,2230532,0,0,172786,2918052,60753,829401,173131,3747453,
All CA and Non-CA Counties,2021-02-05,251987,4829198,108440,2455119,143547,2374079,0,0,172683,3012729,78553,907954,173230,3920683,
All CA and Non-CA Counties,2021-02-06,158841,4988039,76831,2531950,82010,2456089,0,0,123835,3102218,34835,942789,124324,4045007,
All CA and Non-CA Counties,2021-02-07,68759,5056798,44832,2576782,23927,2480016,0,0,52313,3138615,16361,959150,52758,4097765,
All CA and Non-CA Counties,2021-02-08,185067,5241865,91537,2668319,93530,2573546,0,0,122965,3200655,61645,1020795,123685,4221450,
All CA and Non-CA Counties,2021-02-09,214460,5456325,103457,2771776,111003,2684549,0,0,129268,3246309,84753,1105548,130407,4351857,
All CA and Non-CA Counties,2021-02-10,253208,5709533,121465,2893241,131743,2816292,0,0,141293,3277989,111099,1216647,142779,4494636,
All CA and Non-CA Counties,2021-02-11,268075,5977608,132661,3025902,135414,2951706,0,0,148409,3309540,118636,1335283,150187,4644823,
All CA and Non-CA Counties,2021-02-12,276221,6253829,120741,3146643,155480,3107186,0,0,150061,3336574,125372,1460655,152406,4797229,
All CA and Non-CA Counties,2021-02-13,168571,6422400,77693,3224336,90878,3198064,0,0,93722,3357808,74438,1535093,95672,4892901,
All CA and Non-CA Counties,2021-02-14,96459,6518859,47818,3272154,48641,3246705,0,0,52642,3368461,43663,1578756,54316,4947217,
All CA and Non-CA Counties,2021-02-15,143973,6662832,63707,3335861,80266,3326971,0,0,79595,3387232,64014,1642770,82785,5030002,
All CA and Non-CA Counties,2021-02-16,254041,6916873,120469,3456330,133572,3460543,0,0,135473,3407927,118212,1760982,138907,5168909,
All CA and Non-CA Counties,2021-02-17,262700,7179573,131002,3587332,131698,3592241,0,0,130122,3409620,132083,1893065,133776,5302685,
All CA and Non-CA Counties,2021-02-18,277332,7456905,145315,3732647,132017,3724258,0,0,133908,3405448,142770,2035835,138598,5441283,
All CA and Non-CA Counties,2021-02-19,257108,7714013,149883,3882530,107225,3831483,0,0,132416,3415790,124247,2160082,134589,5575872,
All CA and Non-CA Counties,2021-02-20,154556,7868569,99412,3981942,55144,3886627,0,0,84496,3432753,69822,2229904,86785,5662657,
All CA and Non-CA Counties,2021-02-21,73771,7942340,59651,4041593,14120,3900747,0,0,36134,3433759,37417,2267321,38423,5701080,
All CA and Non-CA Counties,2021-02-22,166019,8108359,111593,4153186,54426,3955173,0,0,83219,3436982,82493,2349814,85716,5786796,
All CA and Non-CA Counties,2021-02-23,227475,8335834,119734,4272920,107741,4062914,0,0,105219,3427449,121730,2471544,112197,5898993,
All CA and Non-CA Counties,2021-02-24,286752,8622586,144868,4417788,141884,4204798,0,0,136144,3422192,150022,2621566,144765,6043758,
All CA and Non-CA Counties,2021-02-25,322341,8944927,157657,4575445,164684,4369482,0,0,168021,3446026,153647,2775213,177481,6221239,
All CA and Non-CA Counties,2021-02-26,356213,9301140,166341,4741786,189872,4559354,0,0,198769,3495584,156528,2931741,206086,6427325,
All CA and Non-CA Counties,2021-02-27,250840,9551980,119908,4861694,130912,4690266,20,20,140904,3531711,109375,3041116,145502,6572827,
All CA and Non-CA Counties,2021-02-28,131815,9683795,78991,4940685,52820,4743086,4,24,76604,3557288,54831,3095947,80408,6653235,
All CA and Non-CA Counties,2021-03-01,240606,9924401,127921,5068606,112640,4855726,45,69,137730,3597683,102250,3198197,142645,6795880,
All CA and Non-CA Counties,2021-03-02,281020,10205421,135707,5204313,145298,5001024,15,84,165597,3656168,114971,3313168,173456,6969336,
All CA and Non-CA Counties,2021-03-03,334281,10539702,164177,5368490,170067,5171091,37,121,190173,3711092,143480,3456648,198404,7167740,
All CA and Non-CA Counties,2021-03-04,351767,10891469,176206,5544696,175475,5346566,86,207,204496,3776689,146574,3603222,212171,7379911,
All CA and Non-CA Counties,2021-03-05,335936,11227405,163300,5707996,171519,5518085,1117,1324,207537,3865287,127668,3730890,216266,7596177,
All CA and Non-CA Counties,2021-03-06,259546,11486951,132083,5840079,119527,5637612,7936,9260,160331,3939967,98838,3829728,173518,7769695,
All CA and Non-CA Counties,2021-03-07,125516,11612467,76351,5916430,45081,5682693,4084,13344,78029,3979324,47324,3877052,86681,7856376,
All CA and Non-CA Counties,2021-03-08,217606,11830073,104886,6021316,102123,5784816,10597,23941,141988,4061660,75257,3952309,157593,8013969,
All CA and Non-CA Counties,2021-03-09,269777,12099850,116926,6138242,136771,5921587,16080,40021,145705,4105519,123646,4075955,167505,8181474,
All CA and Non-CA Counties,2021-03-10,316428,12416278,155241,6293483,136965,6058552,24222,64243,170434,4160277,145415,4221370,200173,8381647,
All CA and Non-CA Counties,2021-03-11,377085,12793363,181911,6475394,161794,6220346,33380,97623,193980,4210805,182258,4403628,232786,8614433,
All CA and Non-CA Counties,2021-03-12,393478,13186841,175798,6651192,171123,6391469,46557,144180,192308,4253282,200438,4604066,242915,8857348,
All CA and Non-CA Counties,2021-03-13,281739,13468580,123818,6775010,126720,6518189,31201,175381,152711,4312866,128621,4732687,188205,9045553,
All CA and Non-CA Counties,2021-03-14,154048,13622628,82169,6857179,56780,6574969,15099,190480,83287,4343119,70514,4803201,100767,9146320,
All CA and Non-CA Counties,2021-03-15,290999,13913627,138637,6995816,131611,6706580,20751,211231,158963,4394888,131372,4934573,183141,9329461,
All CA and Non-CA Counties,2021-03-16,373453,14287080,175435,7171251,180572,6887152,17446,228677,218253,4479947,154527,5089100,239586,9569047,
All CA and Non-CA Counties,2021-03-17,385934,14673014,191729,7362980,175663,7062815,18542,247219,239351,4594953,145868,5234968,260874,9829921,
All CA and Non-CA Counties,2021-03-18,401284,15074298,204409,7567389,178659,7241474,18216,265435,240621,4697258,159677,5394645,261982,10091903,
All CA and Non-CA Counties,2021-03-19,409901,15484199,214800,7782189,173257,7414731,21844,287279,240626,4793830,168406,5563051,264978,10356881,
All CA and Non-CA Counties,2021-03-20,294251,15778450,154855,7937044,123653,7538384,15743,303022,189758,4897357,103903,5666954,207430,10564311,
All CA and Non-CA Counties,2021-03-21,143112,15921562,98426,8035470,37219,7575603,7467,310489,90768,4946273,52060,5719014,100976,10665287,
All CA and Non-CA Counties,2021-03-22,271335,16192897,158279,8193749,102121,7677724,10935,321424,179639,5049323,91070,5810084,194120,10859407,
All CA and Non-CA Counties,2021-03-23,357333,16550230,195794,8389543,150611,7828335,10928,332352,230654,5167863,125864,5935948,244404,11103811,
All CA and Non-CA Counties,2021-03-24,388134,16938364,222015,8611558,153674,7982009,12445,344797,229707,5255949,157331,6093279,245417,11349228,
All CA and Non-CA Counties,2021-03-25,416672,17355036,228066,8839624,173848,8155857,14758,359555,241683,5340764,173824,6267103,258639,11607867,
All CA and Non-CA Counties,2021-03-26,432498,17787534,230631,9070255,185971,8341828,15896,375451,240299,5408859,191098,6458201,259193,11867060,
All CA and Non-CA Counties,2021-03-27,311407,18098941,165657,9235912,134367,8476195,11383,386834,160888,5433591,149799,6608000,174531,12041591,
All CA and Non-CA Counties,2021-03-28,168888,18267829,107451,9343363,57714,8533909,3723,390557,92940,5456585,75584,6683584,98578,12140169,
All CA and Non-CA Counties,2021-03-29,310555,18578384,166960,9510323,134745,8668654,8850,399407,177423,5512862,132488,6816072,188765,12328934,
All CA and Non-CA Counties,2021-03-30,398081,18976465,201021,9711344,179216,8847870,17844,417251,243086,5621319,154321,6970393,262778,12591712,
All CA and Non-CA Counties,2021-03-31,424334,19400799,230943,9942287,171624,9019494,21767,439018,244032,5708749,179472,7149865,266902,12858614,
All CA and Non-CA Counties,2021-04-01,486526,19887325,249610,10191897,197800,9217294,39116,478134,270646,5804852,214927,7364792,311030,13169644,
All CA and Non-CA Counties,2021-04-02,471019,20358344,230214,10422111,198183,9415477,42622,520756,257862,5894943,212092,7576884,302183,13471827,
All CA and Non-CA Counties,2021-04-03,328441,20686785,167476,10589587,119708,9535185,41257,562013,165186,5940132,162700,7739584,207889,13679716,
All CA and Non-CA Counties,2021-04-04,132776,20819561,69182,10658769,44623,9579808,18971,580984,59495,5945793,73055,7812639,78716,13758432,
All CA and Non-CA Counties,2021-04-05,351444,21171005,181149,10839918,130929,9710737,39366,620350,175207,5987419,175693,7988332,217319,13975751,
All CA and Non-CA Counties,2021-04-06,457794,21628799,232536,11072454,159322,9870059,65936,686286,223352,6045633,233646,8221978,291860,14267611,
All CA and Non-CA Counties,2021-04-07,472580,22101379,246226,11318680,155948,10026007,70406,756692,231594,6109747,240173,8462151,304287,14571898,
All CA and Non-CA Counties,2021-04-08,499306,22600685,252680,11571360,161810,10187817,84816,841508,236192,6171040,262127,8724278,323420,14895318,
All CA and Non-CA Counties,2021-04-09,488726,23089411,243663,11815023,165077,10352894,79986,921494,226488,6219747,261327,8985605,310034,15205352,
All CA and Non-CA Counties,2021-04-10,365392,23454803,168129,11983152,122893,10475787,74370,995864,153534,6239389,211241,9196846,230883,15436235,
All CA and Non-CA Counties,2021-04-11,186787,23641590,104235,12087387,48249,10524036,34303,1030167,77188,6245137,109296,9306142,115044,15551279,
All CA and Non-CA Counties,2021-04-12,338570,23980160,174521,12261908,126302,10650338,37747,1067914,157875,6264460,179870,9486012,199193,15750472,
All CA and Non-CA Counties,2021-04-13,430611,24410771,240406,12502314,189272,10839610,933,1068847,240267,6320051,189482,9675494,245073,15995545,
All CA and Non-CA Counties,2021-04-14,446541,24857312,251128,12753442,195142,11034752,271,1069118,234660,6350247,210864,9886358,241060,16236605,
All CA and Non-CA Counties,2021-04-15,484179,25341491,282394,13035836,201556,11236308,229,1069347,272219,6416752,210649,10097007,277154,16513759,
All CA and Non-CA Counties,2021-04-16,470063,25811554,265320,13301156,204439,11440747,304,1069651,252341,6455711,216654,10313661,255613,16769372,
All CA and Non-CA Counties,2021-04-17,336138,26147692,189596,13490752,146502,11587249,40,1069691,190674,6505520,144812,10458473,194621,16963993,
All CA and Non-CA Counties,2021-04-18,153341,26301033,96928,13587680,56397,11643646,16,1069707,80014,6516212,72979,10531452,83671,17047664,
All CA and Non-CA Counties,2021-04-19,317465,26618498,183243,13770923,134128,11777774,94,1069801,151151,6504996,165552,10697004,154336,17202000,
All CA and Non-CA Counties,2021-04-20,406631,27025129,216032,13986955,190554,11968328,45,1069846,203121,6511177,202621,10899625,208802,17410802,
All CA and Non-CA Counties,2021-04-21,420002,27445131,237442,14224397,182310,12150638,250,1070096,202436,6503497,216375,11116000,208695,17619497,
All CA and Non-CA Counties,2021-04-22,443521,27888652,252068,14476465,191380,12342018,73,1070169,199302,6467103,243018,11359018,206624,17826121,
All CA and Non-CA Counties,2021-04-23,432827,28321479,246773,14723238,185974,12527992,80,1070249,196359,6438945,235281,11594299,207123,18033244,
All CA and Non-CA Counties,2021-04-24,322011,28643490,204423,14927661,117429,12645421,159,1070408,164177,6453685,157020,11751319,171760,18205004,
All CA and Non-CA Counties,2021-04-25,149406,28792896,98249,15025910,51093,12696514,64,1070472,79978,6467069,69058,11820377,82442,18287446,
All CA and Non-CA Counties,2021-04-26,267358,29060254,155066,15180976,110912,12807426,1380,1071852,115616,6441659,150965,11971342,125555,18413001,
All CA and Non-CA Counties,2021-04-27,337811,29398065,185383,15366359,146879,12954305,5549,1077401,135452,6390163,201402,12172744,149906,18562907,
All CA and Non-CA Counties,2021-04-28,330562,29728627,187204,15553563,135572,13089877,7786,1085187,133253,6342590,196441,12369185,148868,18711775,
All CA and Non-CA Counties,2021-04-29,296502,30025129,166268,15719831,123077,13212954,7157,1092344,105486,6273738,190205,12559390,121353,18833128,
All CA and Non-CA Counties,2021-04-30,259233,30284362,149901,15869732,105050,13318004,4282,1096626,93542,6213844,164991,12724381,105097,18938225,
All CA and Non-CA Counties,2021-05-01,161590,30445952,102685,15972417,55838,13373842,3067,1099693,58939,6178296,102253,12826634,66705,19004930,
All CA and Non-CA Counties,2021-05-02,55759,30501711,42022,16014439,12704,13386546,1033,1100726,23102,6170953,32486,12859120,25143,19030073,
Outside California,2020-12-15,7,7,7,7,0,0,0,0,7,7,0,0,7,7,Not in California
Outside California,2020-12-16,265,272,265,272,0,0,0,0,265,272,0,0,265,272,Not in California
Outside California,2020-12-17,1599,1871,1599,1871,0,0,0,0,1599,1871,0,0,1599,1871,Not in California
Outside California,2020-12-18,2558,4429,2551,4422,7,7,0,0,2558,4429,0,0,2558,4429,Not in California
Outside California,2020-12-19,1039,5468,1038,5460,1,8,0,0,1039,5468,0,0,1039,5468,Not in California
Outside California,2020-12-20,674,6142,672,6132,2,10,0,0,674,6142,0,0,674,6142,Not in California
Outside California,2020-12-21,2192,8334,2189,8321,3,13,0,0,2192,8334,0,0,2192,8334,Not in California
Outside California,2020-12-22,2064,10398,1991,10312,73,86,0,0,2064,10398,0,0,2064,10398,Not in California
Outside California,2020-12-23,1520,11918,1387,11699,133,219,0,0,1520,11918,0,0,1520,11918,Not in California
Outside California,2020-12-24,804,12722,612,12311,192,411,0,0,804,12722,0,0,804,12722,Not in California
Outside California,2020-12-25,33,12755,29,12340,4,415,0,0,33,12755,0,0,33,12755,Not in California
Outside California,2020-12-26,308,13063,204,12544,104,519,0,0,308,13063,0,0,308,13063,Not in California
Outside California,2020-12-27,188,13251,73,12617,115,634,0,0,188,13251,0,0,188,13251,Not in California
Outside California,2020-12-28,1417,14668,900,13517,517,1151,0,0,1417,14668,0,0,1417,14668,Not in California
Outside California,2020-12-29,1551,16219,1017,14534,534,1685,0,0,1551,16219,0,0,1551,16219,Not in California
Outside California,2020-12-30,1926,18145,1235,15769,691,2376,0,0,1926,18145,0,0,1926,18145,Not in California
Outside California,2020-12-31,1121,19266,600,16369,521,2897,0,0,1120,19264,1,1,1120,19265,Not in California
Outside California,2021-01-01,111,19377,23,16392,88,2985,0,0,111,19375,0,1,111,19376,Not in California
Outside California,2021-01-02,240,19617,133,16525,107,3092,0,0,239,19613,1,2,239,19615,Not in California
Outside California,2021-01-03,170,19787,90,16615,80,3172,0,0,170,19783,0,2,170,19785,Not in California
Outside California,2021-01-04,1144,20931,509,17124,635,3807,0,0,1140,20923,0,2,1140,20925,Not in California
Outside California,2021-01-05,1539,22470,811,17935,728,4535,0,0,1348,22082,189,191,1348,22273,Not in California
Outside California,2021-01-06,2704,25174,1596,19531,1108,5643,0,0,1972,23325,729,920,1972,24245,Not in California
Outside California,2021-01-07,4141,29315,2535,22066,1606,7249,0,0,2486,24160,1653,2573,2488,26733,Not in California
Outside California,2021-01-08,4520,33835,2924,24990,1596,8845,0,0,2642,24937,1868,4441,2645,29378,Not in California
Outside California,2021-01-09,1316,35151,526,25516,790,9635,0,0,991,25606,324,4765,993,30371,Not in California
Outside California,2021-01-10,302,35453,181,25697,121,9756,0,0,182,25668,120,4885,182,30553,Not in California
Outside California,2021-01-11,3308,38761,2011,27708,1297,11053,0,0,1975,26310,1333,6218,1975,32528,Not in California
Outside California,2021-01-12,3876,42637,2312,30020,1564,12617,0,0,2333,27105,1539,7757,2334,34862,Not in California
Outside California,2021-01-13,3690,46327,1801,31821,1889,14506,0,0,2514,28445,1176,8933,2516,37378,Not in California
Outside California,2021-01-14,3752,50079,1275,33096,2477,16983,0,0,3110,30927,629,9562,3111,40489,Not in California
Outside California,2021-01-15,4277,54356,992,34088,3285,20268,0,0,3807,34277,457,10019,3807,44296,Not in California
Outside California,2021-01-16,2697,57053,382,34470,2315,22583,0,0,2528,36638,167,10186,2528,46824,Not in California
Outside California,2021-01-17,494,57547,148,34618,346,22929,0,0,445,37034,49,10235,445,47269,Not in California
Outside California,2021-01-18,1195,58742,767,35385,428,23357,0,0,739,37319,455,10690,740,48009,Not in California
Outside California,2021-01-19,4040,62782,1318,36703,2722,26079,0,0,3145,39572,895,11585,3148,51157,Not in California
Outside California,2021-01-20,4397,67179,1407,38110,2990,29069,0,0,3465,42108,930,12515,3466,54623,Not in California
Outside California,2021-01-21,4128,71307,1113,39223,3015,32084,0,0,3564,45123,549,13064,3564,58187,Not in California
Outside California,2021-01-22,4627,75934,1078,40301,3549,35633,0,0,4232,48965,391,13455,4233,62420,Not in California
Outside California,2021-01-23,2256,78190,331,40632,1925,37558,0,0,2093,50895,163,13618,2093,64513,Not in California
Outside California,2021-01-24,602,78792,243,40875,359,37917,0,0,524,51341,78,13696,524,65037,Not in California
Outside California,2021-01-25,4460,83252,1954,42829,2506,40423,0,0,3595,54074,863,14559,3596,68633,Not in California
Outside California,2021-01-26,5947,89199,2892,45721,3055,43478,0,0,5103,58341,843,15402,5110,73743,Not in California
Outside California,2021-01-27,4819,94018,2670,48391,2149,45627,0,0,4205,61937,610,16012,4206,77949,Not in California
Outside California,2021-01-28,5290,99308,2878,51269,2412,48039,0,0,4764,66186,515,16527,4764,82713,Not in California
Outside California,2021-01-29,4807,104115,2974,54243,1833,49872,0,0,4025,69435,778,17305,4027,86740,Not in California
Outside California,2021-01-30,4338,108453,2294,56537,2044,51916,0,0,4114,73328,221,17526,4114,90854,Not in California
Outside California,2021-01-31,3172,111625,2754,59291,418,52334,0,0,3119,76395,53,17579,3120,93974,Not in California
Outside California,2021-02-01,5480,117105,2566,61857,2914,55248,0,0,4791,80504,682,18261,4791,98765,Not in California
Outside California,2021-02-02,6756,123861,2164,64021,4592,59840,0,0,6039,85833,710,18971,6039,104804,Not in California
Outside California,2021-02-03,7321,131182,2080,66101,5241,65081,0,0,6457,91435,856,19827,6458,111262,Not in California
Outside California,2021-02-04,6792,137974,2172,68273,4620,69701,0,0,5807,96267,976,20803,5808,117070,Not in California
Outside California,2021-02-05,6812,144786,2216,70489,4596,74297,0,0,5752,100963,1056,21859,5752,122822,Not in California
Outside California,2021-02-06,4443,149229,2168,72657,2275,76572,0,0,3985,104502,449,22308,3988,126810,Not in California
Outside California,2021-02-07,2164,151393,1782,74439,382,76954,0,0,2087,106514,77,22385,2089,128899,Not in California
Outside California,2021-02-08,5233,156626,3270,77709,1963,78917,0,0,4180,109651,1043,23428,4180,133079,Not in California
Outside California,2021-02-09,4269,160895,1893,79602,2376,81293,0,0,2964,111333,1296,24724,2978,136057,Not in California
Outside California,2021-02-10,5535,166430,1864,81466,3671,84964,0,0,3095,112038,2432,27156,3137,139194,Not in California
Outside California,2021-02-11,4728,171158,2143,83609,2585,87549,0,0,3423,114181,1297,28453,3440,142634,Not in California
Outside California,2021-02-12,5211,176369,1918,85527,3293,90842,0,0,3391,115765,1812,30265,3396,146030,Not in California
Outside California,2021-02-13,2395,178764,692,86219,1703,92545,0,0,1853,117088,542,30807,1865,147895,Not in California
Outside California,2021-02-14,1323,180087,399,86618,924,93469,0,0,1085,117940,235,31042,1087,148982,Not in California
Outside California,2021-02-15,2506,182593,1508,88126,998,94467,0,0,1198,117847,1295,32337,1202,150184,Not in California
Outside California,2021-02-16,6431,189024,2887,91013,3544,98011,0,0,2612,116654,3809,36146,2616,152800,Not in California
Outside California,2021-02-17,5894,194918,2932,93945,2962,100973,0,0,1826,114421,4063,40209,1830,154630,Not in California
Outside California,2021-02-18,6363,201281,3661,97606,2702,103675,0,0,2038,112152,4308,44517,2039,156669,Not in California
Outside California,2021-02-19,5678,206959,3925,101531,1753,105428,0,0,2413,111306,3260,47777,2414,159083,Not in California
Outside California,2021-02-20,3236,210195,2582,104113,654,106082,0,0,1196,110465,2038,49815,1197,160280,Not in California
Outside California,2021-02-21,1784,211979,1568,105681,216,106298,0,0,618,109921,1162,50977,618,160898,Not in California
Outside California,2021-02-22,3456,215435,2529,108210,927,107225,0,0,1619,109709,1836,52813,1624,162522,Not in California
Outside California,2021-02-23,5838,221273,3231,111441,2607,109832,0,0,2302,108494,3531,56344,2316,164838,Not in California
Outside California,2021-02-24,6330,227603,3478,114919,2852,112684,0,0,2488,107150,3837,60181,2493,167331,Not in California
Outside California,2021-02-25,6895,234498,3486,118405,3409,116093,0,0,3121,106532,3743,63924,3125,170456,Not in California
Outside California,2021-02-26,6795,241293,3607,122012,3188,119281,0,0,3165,106146,3552,67476,3166,173622,Not in California
Outside California,2021-02-27,5294,246587,2553,124565,2740,122021,1,1,1847,104561,3436,70912,1851,175473,Not in California
Outside California,2021-02-28,2412,248999,1756,126321,655,122676,1,2,792,103736,1619,72531,794,176267,Not in California
Outside California,2021-03-01,4709,253708,2925,129246,1783,124459,1,3,1295,101630,3407,75938,1301,177568,Not in California
Outside California,2021-03-02,6175,259883,2000,131246,4175,128634,0,3,1868,99203,4297,80235,1870,179438,Not in California
Outside California,2021-03-03,7742,267625,2949,134195,4791,133425,2,5,2584,96647,5146,85381,2590,182028,Not in California
Outside California,2021-03-04,6706,274331,2827,137022,3875,137300,4,9,2321,94604,4370,89751,2327,184355,Not in California
Outside California,2021-03-05,5035,279366,2440,139462,2581,139881,14,23,2574,94747,2452,92203,2595,186950,Not in California
Outside California,2021-03-06,4573,283939,2109,141571,2308,142189,156,179,2314,94968,2257,94460,2478,189428,Not in California
Outside California,2021-03-07,1541,285480,978,142549,509,142698,54,233,923,95329,617,95077,978,190406,Not in California
Outside California,2021-03-08,2949,288429,1691,144240,1012,143710,246,479,2062,96786,858,95935,2315,192721,Not in California
Outside California,2021-03-09,4261,292690,2004,146244,1935,145645,322,801,2418,97687,1839,97774,2740,195461,Not in California
Outside California,2021-03-10,4088,296778,1825,148069,1761,147406,502,1303,2437,98989,1644,99418,2946,198407,Not in California
Outside California,2021-03-11,5914,302692,2909,150978,2332,149738,673,1976,3103,99960,2806,102224,3777,202184,Not in California
Outside California,2021-03-12,6098,308790,3560,154538,1814,151552,724,2700,3264,101123,2826,105050,3989,206173,Not in California
Outside California,2021-03-13,3702,312492,2132,156670,1108,152660,462,3162,2576,103044,1120,106170,3041,209214,Not in California
Outside California,2021-03-14,1744,314236,888,157558,533,153193,323,3485,1039,103702,705,106875,1363,210577,Not in California
Outside California,2021-03-15,3901,318137,2019,159577,1451,154644,431,3916,2066,104375,1829,108704,2502,213079,Not in California
Outside California,2021-03-16,7185,325322,4101,163678,2717,157361,367,4283,3912,105382,3271,111975,4278,217357,Not in California
Outside California,2021-03-17,7994,333316,5039,168717,2590,159951,365,4648,4665,107087,3326,115301,5031,222388,Not in California
Outside California,2021-03-18,7920,341236,4774,173491,2622,162573,524,5172,4511,108721,3401,118702,5035,227423,Not in California
Outside California,2021-03-19,7259,348495,4297,177788,2420,164993,542,5714,4382,110773,2875,121577,4927,232350,Not in California
Outside California,2021-03-20,4682,353177,3066,180854,1530,166523,86,5800,3610,113404,1065,122642,3696,236046,Not in California
Outside California,2021-03-21,2000,355177,1348,182202,565,167088,87,5887,1606,114706,392,123034,1694,237740,Not in California
Outside California,2021-03-22,3208,358385,1930,184132,1191,168279,87,5974,2220,116031,982,124016,2307,240047,Not in California
Outside California,2021-03-23,5966,364351,3040,187172,2657,170936,269,6243,4197,118742,1756,125772,4467,244514,Not in California
Outside California,2021-03-24,7147,371498,3651,190823,3073,174009,423,6666,5009,122040,2132,127904,5430,249944,Not in California
Outside California,2021-03-25,8018,379516,3656,194479,3876,177885,486,7152,5996,126510,2012,129916,6482,256426,Not in California
Outside California,2021-03-26,6536,386052,3422,197901,2946,180831,168,7320,4460,129085,2052,131968,4627,261053,Not in California
Outside California,2021-03-27,5265,391317,3013,200914,2153,182984,99,7419,3397,130719,1859,133827,3493,264546,Not in California
Outside California,2021-03-28,3018,394335,1593,202507,1268,184252,157,7576,2026,131915,987,134814,2183,266729,Not in California
Outside California,2021-03-29,4954,399289,2153,204660,2471,186723,330,7906,2995,133284,1957,136771,3326,270055,Not in California
Outside California,2021-03-30,6558,405847,3381,208041,2635,189358,542,8448,4093,135473,2454,139225,4643,274698,Not in California
Outside California,2021-03-31,6044,411891,3586,211627,1699,191057,759,9207,3441,137072,2599,141824,4198,278896,Not in California
Outside California,2021-04-01,7123,419014,4171,215798,2336,193393,616,9823,4229,139023,2888,144712,4839,283735,Not in California
Outside California,2021-04-02,8115,427129,4162,219960,2835,196228,1118,10941,4378,140789,3731,148443,5497,289232,Not in California
Outside California,2021-04-03,6093,433222,3540,223500,1404,197632,1149,12090,3221,142292,2867,151310,4370,293602,Not in California
Outside California,2021-04-04,1769,434991,867,224367,669,198301,233,12323,996,142748,773,152083,1229,294831,Not in California
Outside California,2021-04-05,3942,438933,1910,226277,1380,199681,652,12975,1917,143296,2022,154105,2570,297401,Not in California
Outside California,2021-04-06,6646,445579,3478,229755,1622,201303,1546,14521,2686,143580,3947,158052,4231,301632,Not in California
Outside California,2021-04-07,7660,453239,4261,234016,1747,203050,1652,16173,3094,143757,4559,162611,4736,306368,Not in California
Outside California,2021-04-08,7724,460963,3971,237987,1860,204910,1893,18066,3127,144181,4589,167200,5013,311381,Not in California
Outside California,2021-04-09,7281,468244,3700,241687,1677,206587,1904,19970,2945,144701,4331,171531,4851,316232,Not in California
Outside California,2021-04-10,6036,474280,3059,244746,1130,207717,1847,21817,1715,143946,4316,175847,3561,319793,Not in California
Outside California,2021-04-11,2825,477105,1521,246267,674,208391,630,22447,1032,143817,1792,177639,1663,321456,Not in California
Outside California,2021-04-12,3905,481010,2172,248439,1210,209601,523,22970,1816,144071,2085,179724,2339,323795,Not in California
Outside California,2021-04-13,5471,486481,3482,251921,1965,211566,24,22994,2756,144142,2710,182434,2781,326576,Not in California
Outside California,2021-04-14,5072,491553,3212,255133,1857,213423,3,22997,2763,144604,2304,184738,2766,329342,Not in California
Outside California,2021-04-15,5851,497404,3555,258688,2290,215713,6,23003,3187,145183,2615,187353,3194,332536,Not in California
Outside California,2021-04-16,5831,503235,3370,262058,2454,218167,7,23010,3372,146109,2454,189807,3380,335916,Not in California
Outside California,2021-04-17,5156,508391,3051,265109,2104,220271,1,23011,2947,146853,2203,192010,2947,338863,Not in California
Outside California,2021-04-18,2072,510463,1152,266261,919,221190,1,23012,993,146774,1074,193084,995,339858,Not in California
Outside California,2021-04-19,4094,514557,1939,268200,2154,223344,1,23013,2149,146991,1935,195019,2152,342010,Not in California
Outside California,2021-04-20,5392,519949,2528,270728,2864,226208,0,23013,2376,146357,3010,198029,2376,344386,Not in California
Outside California,2021-04-21,6497,526446,2839,273567,3656,229864,2,23015,2507,144890,3977,202006,2510,346896,Not in California
Outside California,2021-04-22,7037,533483,3789,277356,3245,233109,3,23018,2897,143658,4133,206139,2901,349797,Not in California
Outside California,2021-04-23,5892,539375,3038,280394,2853,235962,1,23019,2597,142974,3284,209423,2600,352397,Not in California
Outside California,2021-04-24,4876,544251,3412,283806,1461,237423,3,23022,2232,142572,2640,212063,2238,354635,Not in California
Outside California,2021-04-25,2145,546396,1273,285079,870,238293,2,23024,1116,142666,1026,213089,1120,355755,Not in California
Outside California,2021-04-26,3415,549811,1435,286514,1959,240252,21,23045,1545,142367,1865,214954,1566,357321,Not in California
Outside California,2021-04-27,5030,554841,1699,288213,3042,243294,289,23334,1906,141449,3118,218072,2200,359521,Not in California
Outside California,2021-04-28,4683,559524,1944,290157,2350,245644,389,23723,1951,141068,2723,220795,2342,361863,Not in California
Outside California,2021-04-29,4108,563632,1803,291960,1931,247575,374,24097,1721,140791,2373,223168,2096,363959,Not in California
Outside California,2021-04-30,3048,566680,1404,293364,1372,248947,272,24369,1274,140569,1768,224936,1546,365505,Not in California
Outside California,2021-05-01,1802,568482,1055,294419,440,249387,307,24676,840,140758,959,225895,1148,366653,Not in California
Outside California,2021-05-02,751,569233,503,294922,236,249623,12,24688,468,140957,282,226177,481,367134,Not in California
Unknown,2020-12-17,2,2,2,2,0,0,0,0,0,0,0,0,0,0,Not in California
Unknown,2020-12-18,9,11,9,11,0,0,0,0,8,8,0,0,8,8,Not in California
Unknown,2020-12-19,81,92,81,92,0,0,0,0,81,89,0,0,81,89,Not in California
Unknown,2020-12-20,24,116,24,116,0,0,0,0,24,113,0,0,24,113,Not in California
Unknown,2020-12-21,5,121,5,121,0,0,0,0,0,113,0,0,0,113,Not in California
Unknown,2020-12-22,4,125,4,125,0,0,0,0,4,117,0,0,4,117,Not in California
Unknown,2020-12-26,1,126,1,126,0,0,0,0,1,118,0,0,1,118,Not in California
Unknown,2020-12-28,4,130,4,130,0,0,0,0,3,121,0,0,3,121,Not in California
Unknown,2020-12-29,3,133,3,133,0,0,0,0,3,124,0,0,3,124,Not in California
Unknown,2020-12-30,59,192,56,189,3,3,0,0,57,181,0,0,57,181,Not in California
Unknown,2020-12-31,2,194,0,189,2,5,0,0,1,182,0,0,1,182,Not in California
Unknown,2021-01-02,1,195,0,189,1,6,0,0,1,183,0,0,1,183,Not in California
Unknown,2021-01-04,3,198,3,192,0,6,0,0,2,185,0,0,2,185,Not in California
Unknown,2021-01-05,1,199,0,192,1,7,0,0,2,187,0,0,2,187,Not in California
Unknown,2021-01-06,30,229,28,220,2,9,0,0,6,170,23,23,6,193,Not in California
Unknown,2021-01-07,110,339,107,327,3,12,0,0,72,204,38,61,72,265,Not in California
Unknown,2021-01-08,26,365,21,348,5,17,0,0,5,188,21,82,5,270,Not in California
Unknown,2021-01-09,3,368,2,350,1,18,0,0,4,192,0,82,4,274,Not in California
Unknown,2021-01-11,23,391,23,373,0,18,0,0,18,206,4,86,18,292,Not in California
Unknown,2021-01-12,10,401,8,381,2,20,0,0,8,214,1,87,9,301,Not in California
Unknown,2021-01-13,11,412,11,392,0,20,0,0,13,227,0,87,13,314,Not in California
Unknown,2021-01-14,4,416,3,395,1,21,0,0,4,231,0,87,4,318,Not in California
Unknown,2021-01-15,4,420,3,398,1,22,0,0,4,235,0,87,4,322,Not in California
Unknown,2021-01-16,7,427,7,405,0,22,0,0,6,240,1,88,6,328,Not in California
Unknown,2021-01-17,3,430,3,408,0,22,0,0,3,243,0,88,3,331,Not in California
Unknown,2021-01-18,54,484,54,462,0,22,0,0,52,293,2,90,52,383,Not in California
Unknown,2021-01-19,23,507,22,484,1,23,0,0,21,313,1,91,21,404,Not in California
Unknown,2021-01-20,79,586,79,563,0,23,0,0,27,288,52,143,27,431,Not in California
Unknown,2021-01-21,60,646,58,621,2,25,0,0,61,348,1,144,61,492,Not in California
Unknown,2021-01-22,40,686,35,656,5,30,0,0,40,388,0,144,40,532,Not in California
Unknown,2021-01-23,12,698,6,662,6,36,0,0,12,400,0,144,12,544,Not in California
Unknown,2021-01-24,2,700,2,664,0,36,0,0,3,403,0,144,3,547,Not in California
Unknown,2021-01-25,22,722,19,683,3,39,0,0,19,419,3,147,19,566,Not in California
Unknown,2021-01-26,98,820,94,777,4,43,0,0,101,520,0,147,101,667,Not in California
Unknown,2021-01-27,17,837,17,794,0,43,0,0,16,535,1,148,16,683,Not in California
Unknown,2021-01-28,155,992,152,946,3,46,0,0,98,573,60,208,98,781,Not in California
Unknown,2021-01-29,147,1139,146,1092,1,47,0,0,151,723,1,209,151,932,Not in California
Unknown,2021-01-30,10,1149,8,1100,2,49,0,0,13,735,1,210,13,945,Not in California
Unknown,2021-01-31,16,1165,16,1116,0,49,0,0,16,750,1,211,16,961,Not in California
Unknown,2021-02-01,36,1201,34,1150,2,51,0,0,21,754,17,228,21,982,Not in California
Unknown,2021-02-02,70,1271,68,1218,2,53,0,0,63,811,6,234,63,1045,Not in California
Unknown,2021-02-03,50,1321,46,1264,4,57,0,0,38,838,11,245,38,1083,Not in California
Unknown,2021-02-04,61,1382,56,1320,5,62,0,0,56,889,5,250,56,1139,Not in California
Unknown,2021-02-05,22,1404,15,1335,7,69,0,0,18,900,7,257,18,1157,Not in California
Unknown,2021-02-06,19,1423,14,1349,5,74,0,0,15,908,7,264,15,1172,Not in California
Unknown,2021-02-07,8,1431,8,1357,0,74,0,0,6,912,2,266,6,1178,Not in California
Unknown,2021-02-08,52,1483,49,1406,3,77,0,0,13,886,39,305,13,1191,Not in California
Unknown,2021-02-09,20,1503,19,1425,1,78,0,0,5,876,15,320,5,1196,Not in California
Unknown,2021-02-10,35,1538,30,1455,5,83,0,0,9,859,26,346,9,1205,Not in California
Unknown,2021-02-11,92,1630,91,1546,1,84,0,0,43,852,50,396,43,1248,Not in California
Unknown,2021-02-12,46,1676,38,1584,8,92,0,0,17,836,33,429,17,1265,Not in California
Unknown,2021-02-13,15,1691,3,1587,12,104,0,0,17,852,1,430,17,1282,Not in California
Unknown,2021-02-14,7,1698,1,1588,6,110,0,0,5,856,1,431,5,1287,Not in California
Unknown,2021-02-15,43,1741,37,1625,6,116,0,0,28,871,13,444,28,1315,Not in California
Unknown,2021-02-16,104,1845,95,1720,9,125,0,0,31,829,73,517,31,1346,Not in California
Unknown,2021-02-17,10,1855,8,1728,2,127,0,0,4,828,5,522,4,1350,Not in California
Unknown,2021-02-18,105,1960,100,1828,5,132,0,0,19,761,86,608,19,1369,Not in California
Unknown,2021-02-19,196,2156,190,2018,6,138,0,0,58,682,137,745,58,1427,Not in California
Unknown,2021-02-20,12,2168,5,2023,7,145,0,0,5,682,5,750,5,1432,Not in California
Unknown,2021-02-21,18,2186,18,2041,0,145,0,0,4,672,14,764,4,1436,Not in California
Unknown,2021-02-22,9,2195,9,2050,0,145,0,0,6,675,3,767,6,1442,Not in California
Unknown,2021-02-23,63,2258,51,2101,12,157,0,0,15,643,47,814,15,1457,Not in California
Unknown,2021-02-24,43,2301,35,2136,8,165,0,0,14,628,29,843,14,1471,Not in California
Unknown,2021-02-25,76,2377,60,2196,16,181,0,0,27,606,49,892,27,1498,Not in California
Unknown,2021-02-26,40,2417,25,2221,15,196,0,0,24,615,15,907,24,1522,Not in California
Unknown,2021-02-27,27,2444,14,2235,13,209,0,0,19,626,8,915,19,1541,Not in California
Unknown,2021-02-28,17,2461,13,2248,4,213,0,0,10,631,5,920,10,1551,Not in California
Unknown,2021-03-01,44,2505,26,2274,18,231,0,0,24,636,19,939,24,1575,Not in California
Unknown,2021-03-02,20,2525,8,2282,12,243,0,0,12,642,6,945,12,1587,Not in California
Unknown,2021-03-03,13,2538,7,2289,6,249,0,0,9,648,3,948,9,1596,Not in California
Unknown,2021-03-04,53,2591,49,2338,4,253,0,0,21,638,31,979,21,1617,Not in California
Unknown,2021-03-05,33,2624,15,2353,18,271,0,0,35,667,6,985,35,1652,Not in California
Unknown,2021-03-06,32,2656,11,2364,19,290,2,2,23,683,9,994,25,1677,Not in California
Unknown,2021-03-07,10,2666,1,2365,9,299,0,2,6,686,3,997,6,1683,Not in California
Unknown,2021-03-08,32,2698,23,2388,7,306,2,4,8,671,25,1022,10,1693,Not in California
Unknown,2021-03-09,39,2737,32,2420,3,309,4,8,10,655,30,1052,14,1707,Not in California
Unknown,2021-03-10,9,2746,6,2426,1,310,2,10,5,657,5,1057,7,1714,Not in California
Unknown,2021-03-11,37,2783,13,2439,10,320,14,24,14,664,21,1078,28,1742,Not in California
Unknown,2021-03-12,82,2865,56,2495,21,341,5,29,15,620,64,1142,20,1762,Not in California
Unknown,2021-03-13,24,2889,4,2499,16,357,4,33,8,616,16,1158,12,1774,Not in California
Unknown,2021-03-14,17,2906,9,2508,6,363,2,35,6,613,11,1169,8,1782,Not in California
Unknown,2021-03-15,30,2936,11,2519,17,380,2,37,20,622,13,1182,22,1804,Not in California
Unknown,2021-03-16,64,3000,22,2541,38,418,4,41,44,651,19,1201,48,1852,Not in California
Unknown,2021-03-17,46,3046,14,2555,31,449,1,42,39,687,4,1205,40,1892,Not in California
Unknown,2021-03-18,40,3086,20,2575,20,469,0,42,28,703,12,1217,28,1920,Not in California
Unknown,2021-03-19,29,3115,19,2594,10,479,0,42,25,720,8,1225,25,1945,Not in California
Unknown,2021-03-20,33,3148,14,2608,19,498,0,42,19,727,12,1237,19,1964,Not in California
Unknown,2021-03-21,23,3171,17,2625,6,504,0,42,19,743,3,1240,19,1983,Not in California
Unknown,2021-03-22,34,3205,18,2643,15,519,1,43,18,750,12,1252,19,2002,Not in California
Unknown,2021-03-23,23,3228,9,2652,9,528,5,48,11,755,11,1263,16,2018,Not in California
Unknown,2021-03-24,26,3254,9,2661,17,545,0,48,21,771,5,1268,21,2039,Not in California
Unknown,2021-03-25,48,3302,34,2695,14,559,0,48,32,789,14,1282,32,2071,Not in California
Unknown,2021-03-26,36,3338,19,2714,12,571,5,53,22,800,16,1298,27,2098,Not in California
Unknown,2021-03-27,39,3377,13,2727,26,597,0,53,23,803,20,1318,23,2121,Not in California
Unknown,2021-03-28,16,3393,9,2736,7,604,0,53,11,810,4,1322,11,2132,Not in California
Unknown,2021-03-29,38,3431,17,2753,20,624,1,54,25,824,12,1334,26,2158,Not in California
Unknown,2021-03-30,42,3473,25,2778,17,641,0,54,26,835,15,1349,26,2184,Not in California
Unknown,2021-03-31,36,3509,22,2800,14,655,0,54,25,848,12,1361,25,2209,Not in California
Unknown,2021-04-01,28,3537,13,2813,15,670,0,54,31,874,5,1366,31,2240,Not in California
Unknown,2021-04-02,63,3600,16,2829,38,708,9,63,29,878,34,1400,38,2278,Not in California
Unknown,2021-04-03,18,3618,9,2838,9,717,0,63,8,876,10,1410,8,2286,Not in California
Unknown,2021-04-04,16,3634,5,2843,11,728,0,63,10,881,5,1415,10,2296,Not in California
Unknown,2021-04-05,34,3668,20,2863,13,741,1,64,19,886,15,1430,20,2316,Not in California
Unknown,2021-04-06,34,3702,17,2880,16,757,1,65,17,886,18,1448,18,2334,Not in California
Unknown,2021-04-07,38,3740,25,2905,13,770,0,65,35,913,8,1456,35,2369,Not in California
Unknown,2021-04-08,43,3783,28,2933,11,781,4,69,26,921,22,1478,30,2399,Not in California
Unknown,2021-04-09,41,3824,25,2958,16,797,0,69,27,934,14,1492,27,2426,Not in California
Unknown,2021-04-10,10,3834,9,2967,1,798,0,69,3,930,7,1499,3,2429,Not in California
Unknown,2021-04-11,15,3849,11,2978,4,802,0,69,6,927,9,1508,6,2435,Not in California
Unknown,2021-04-12,42,3891,23,3001,16,818,3,72,17,922,25,1533,20,2455,Not in California
Unknown,2021-04-13,70,3961,27,3028,43,861,0,72,28,908,42,1575,28,2483,Not in California
Unknown,2021-04-14,34,3995,10,3038,24,885,0,72,8,890,26,1601,8,2491,Not in California
Unknown,2021-04-15,44,4039,17,3055,26,911,1,73,15,878,28,1629,16,2507,Not in California
Unknown,2021-04-16,52,4091,38,3093,14,925,0,73,31,888,21,1650,31,2538,Not in California
Unknown,2021-04-17,26,4117,14,3107,12,937,0,73,8,880,17,1667,9,2547,Not in California
Unknown,2021-04-18,19,4136,7,3114,12,949,0,73,7,875,12,1679,7,2554,Not in California
Unknown,2021-04-19,35,4171,21,3135,14,963,0,73,16,873,18,1697,16,2570,Not in California
Unknown,2021-04-20,24,4195,14,3149,10,973,0,73,6,861,18,1715,6,2576,Not in California
Unknown,2021-04-21,37,4232,15,3164,22,995,0,73,11,846,26,1741,11,2587,Not in California
Unknown,2021-04-22,23,4255,14,3178,9,1004,0,73,5,833,18,1759,5,2592,Not in California
Unknown,2021-04-23,33,4288,15,3193,18,1022,0,73,19,839,13,1772,19,2611,Not in California
Unknown,2021-04-24,37,4325,22,3215,15,1037,0,73,27,856,10,1782,27,2638,Not in California
Unknown,2021-04-25,23,4348,9,3224,14,1051,0,73,12,857,11,1793,12,2650,Not in California
Unknown,2021-04-26,18,4366,12,3236,6,1057,0,73,6,851,12,1805,6,2656,Not in California
Unknown,2021-04-27,24,4390,9,3245,15,1072,0,73,7,841,17,1822,7,2663,Not in California
Unknown,2021-04-28,63,4453,50,3295,12,1084,1,74,42,863,21,1843,43,2706,Not in California
Unknown,2021-04-29,339,4792,181,3476,125,1209,33,107,264,1085,75,1918,297,3003,Not in California
Unknown,2021-04-30,7,4799,1,3477,5,1214,1,108,5,1089,2,1920,6,3009,Not in California
Unknown,2021-05-01,11,4810,6,3483,4,1218,1,109,9,1097,2,1922,10,3019,Not in California
Alameda,2020-12-15,36,36,36,36,0,0,0,0,36,36,0,0,36,36,California
Alameda,2020-12-16,203,239,203,239,0,0,0,0,203,239,0,0,203,239,California
Alameda,2020-12-17,396,635,396,635,0,0,0,0,396,635,0,0,396,635,California
Alameda,2020-12-18,1769,2404,1769,2404,0,0,0,0,1769,2404,0,0,1769,2404,California
Alameda,2020-12-19,1355,3759,1355,3759,0,0,0,0,1355,3759,0,0,1355,3759,California
Alameda,2020-12-20,1158,4917,1157,4916,1,1,0,0,1157,4915,1,1,1157,4916,California
Alameda,2020-12-21,1862,6779,1860,6776,2,3,0,0,1861,6776,0,1,1861,6777,California
Alameda,2020-12-22,2099,8878,2047,8823,52,55,0,0,2099,8875,0,1,2099,8876,California
Alameda,2020-12-23,1940,10818,1682,10505,258,313,0,0,1940,10815,0,1,1940,10816,California
Alameda,2020-12-24,1219,12037,759,11264,460,773,0,0,1219,12034,0,1,1219,12035,California
Alameda,2020-12-25,165,12202,128,11392,37,810,0,0,165,12199,0,1,165,12200,California
Alameda,2020-12-26,868,13070,324,11716,544,1354,0,0,868,13067,0,1,868,13068,California
Alameda,2020-12-27,499,13569,256,11972,243,1597,0,0,499,13566,0,1,499,13567,California
Alameda,2020-12-28,1884,15453,958,12930,926,2523,0,0,1884,15450,0,1,1884,15451,California
Alameda,2020-12-29,2429,17882,1024,13954,1405,3928,0,0,2428,17878,0,1,2428,17879,California
Alameda,2020-12-30,3124,21006,1361,15315,1763,5691,0,0,3126,21004,0,1,3126,21005,California
Alameda,2020-12-31,1793,22799,441,15756,1352,7043,0,0,1791,22794,1,2,1791,22796,California
Alameda,2021-01-01,171,22970,70,15826,101,7144,0,0,170,22963,1,3,170,22966,California
Alameda,2021-01-02,721,23691,522,16348,199,7343,0,0,720,23683,0,3,720,23686,California
Alameda,2021-01-03,341,24032,220,16568,121,7464,0,0,338,24018,3,6,338,24024,California
Alameda,2021-01-04,1649,25681,945,17513,704,8168,0,0,1637,25644,11,17,1637,25661,California
Alameda,2021-01-05,2205,27886,1265,18778,940,9108,0,0,1969,27380,233,250,1969,27630,California
Alameda,2021-01-06,3247,31133,1780,20558,1467,10575,0,0,2430,28998,814,1064,2432,30062,California
Alameda,2021-01-07,3773,34906,2111,22669,1662,12237,0,0,2686,30610,1078,2142,2690,32752,California
Alameda,2021-01-08,4726,39632,2698,25367,2028,14265,0,0,3102,32096,1620,3762,3106,35858,California
Alameda,2021-01-09,2034,41666,1389,26756,645,14910,0,0,1174,32410,860,4622,1174,37032,California
Alameda,2021-01-10,1064,42730,845,27601,219,15129,0,0,426,32197,639,5261,426,37458,California
Alameda,2021-01-11,4641,47371,3511,31112,1130,16259,0,0,2848,33260,1792,7053,2855,40313,California
Alameda,2021-01-12,4829,52200,3250,34362,1579,17838,0,0,3437,35309,1391,8444,3440,43753,California
Alameda,2021-01-13,5034,57234,2661,37023,2373,20211,0,0,3846,37972,1184,9628,3847,47600,California
Alameda,2021-01-14,5606,62840,2741,39764,2865,23076,0,0,4720,41818,877,10505,4723,52323,California
Alameda,2021-01-15,5834,68674,2311,42075,3523,26599,0,0,5068,46130,759,11264,5071,57394,California
Alameda,2021-01-16,3006,71680,1408,43483,1598,28197,0,0,2738,48601,268,11532,2739,60133,California
Alameda,2021-01-17,1867,73547,1083,44566,784,28981,0,0,1660,50056,206,11738,1661,61794,California
Alameda,2021-01-18,3198,76745,2054,46620,1144,30125,0,0,2604,52075,590,12328,2609,64403,California
Alameda,2021-01-19,5525,82270,3330,49950,2195,32320,0,0,4335,55224,1188,13516,4337,68740,California
Alameda,2021-01-20,6696,88966,4031,53981,2665,34985,0,0,5399,59342,1285,14801,5403,74143,California
Alameda,2021-01-21,7765,96731,3398,57379,4367,39352,0,0,6933,65454,826,15627,6938,81081,California
Alameda,2021-01-22,6841,103572,2034,59413,4807,44159,0,0,5703,70028,1131,16758,5705,86786,California
Alameda,2021-01-23,3287,106859,946,60359,2341,46500,0,0,2734,72211,553,17311,2736,89522,California
Alameda,2021-01-24,2050,108909,654,61013,1396,47896,0,0,1774,73713,272,17583,1774,91296,California
Alameda,2021-01-25,5222,114131,1987,63000,3235,51131,0,0,3635,75770,1579,19162,3636,94932,California
Alameda,2021-01-26,7245,121376,2287,65287,4958,56089,0,0,5385,79303,1853,21015,5386,100318,California
Alameda,2021-01-27,6669,128045,2076,67363,4593,60682,0,0,4821,82290,1834,22849,4821,105139,California
Alameda,2021-01-28,7888,135933,2546,69909,5342,66024,0,0,5647,85713,2225,25074,5648,110787,California
Alameda,2021-01-29,7922,143855,3182,73091,4740,70764,0,0,6100,90002,1812,26886,6101,116888,California
Alameda,2021-01-30,3418,147273,1672,74763,1746,72510,0,0,2714,92018,698,27584,2714,119602,California
Alameda,2021-01-31,1904,149177,963,75726,941,73451,0,0,1660,93437,241,27825,1660,121262,California
Alameda,2021-02-01,5961,155138,3357,79083,2604,76055,0,0,4323,96129,1632,29457,4324,125586,California
Alameda,2021-02-02,7466,162604,4251,83334,3215,79270,0,0,4669,98011,2787,32244,4669,130255,California
Alameda,2021-02-03,7082,169686,3729,87063,3353,82623,0,0,4408,99756,2668,34912,4413,134668,California
Alameda,2021-02-04,9501,179187,4127,91190,5374,87997,0,0,6445,103169,3037,37949,6450,141118,California
Alameda,2021-02-05,10331,189518,5391,96581,4940,92937,0,0,6464,105778,3861,41810,6470,147588,California
Alameda,2021-02-06,6994,196512,4434,101015,2560,95497,0,0,5874,110532,1120,42930,5874,153462,California
Alameda,2021-02-07,3580,200092,2892,103907,688,96185,0,0,2640,112236,937,43867,2641,156103,California
Alameda,2021-02-08,8092,208184,5786,109693,2306,98491,0,0,5541,115239,2540,46407,5543,161646,California
Alameda,2021-02-09,9710,217894,5860,115553,3850,102341,0,0,6062,117661,3642,50049,6064,167710,California
Alameda,2021-02-10,11454,229348,6772,122325,4682,107023,0,0,6633,119498,4804,54853,6641,174351,California
Alameda,2021-02-11,13936,243284,7988,130313,5948,112971,0,0,8379,122340,5540,60393,8382,182733,California
Alameda,2021-02-12,12527,255811,5693,136006,6834,119805,0,0,7752,125334,4761,65154,7755,190488,California
Alameda,2021-02-13,7808,263619,4066,140072,3742,123547,0,0,5846,129224,1958,67112,5848,196336,California
Alameda,2021-02-14,4026,267645,2534,142606,1492,125039,0,0,2868,130939,1155,68267,2870,199206,California
Alameda,2021-02-15,5712,273357,3223,145829,2489,127528,0,0,3700,132634,2008,70275,3703,202909,California
Alameda,2021-02-16,12533,285890,6955,152784,5578,133106,0,0,9319,138754,3204,73479,9324,212233,California
Alameda,2021-02-17,14102,299992,8355,161139,5747,138853,0,0,10483,145638,3601,77080,10485,222718,California
Alameda,2021-02-18,15860,315852,10062,171201,5798,144651,0,0,11512,152814,4342,81422,11518,234236,California
Alameda,2021-02-19,17644,333496,11441,182642,6203,150854,0,0,11694,158584,5928,87350,11698,245934,California
Alameda,2021-02-20,11862,345358,9611,192253,2251,153105,0,0,9144,165018,2715,90065,9149,255083,California
Alameda,2021-02-21,6200,351558,5268,197521,932,154037,0,0,3746,166320,2444,92509,3746,258829,California
Alameda,2021-02-22,10705,362263,7925,205446,2780,156817,0,0,6747,169133,3944,96453,6757,265586,California
Alameda,2021-02-23,12721,374984,7721,213167,5000,161817,0,0,7918,172264,4794,101247,7925,273511,California
Alameda,2021-02-24,14654,389638,8204,221371,6450,168267,0,0,9502,176681,5091,106338,9508,283019,California
Alameda,2021-02-25,15611,405249,9119,230490,6492,174759,0,0,9945,180998,5634,111972,9951,292970,California
Alameda,2021-02-26,18101,423350,10640,241130,7461,182220,0,0,11707,186356,6353,118325,11711,304681,California
Alameda,2021-02-27,14703,438053,10810,251940,3891,186111,2,2,9108,189895,5573,123898,9112,313793,California
Alameda,2021-02-28,9142,447195,7703,259643,1439,187550,0,2,6070,192915,3051,126949,6071,319864,California
Alameda,2021-03-01,13229,460424,9185,268828,4040,191590,4,6,8205,196151,4979,131928,8215,328079,California
Alameda,2021-03-02,13819,474243,9602,278430,4217,195807,0,6,8881,200120,4919,136847,8888,336967,California
Alameda,2021-03-03,15387,489630,9986,288416,5400,201207,1,7,10482,205727,4878,141725,10485,347452,California
Alameda,2021-03-04,17292,506922,11058,299474,6233,207440,1,8,10869,210209,6388,148113,10870,358322,California
Alameda,2021-03-05,15853,522775,10237,309711,5607,213047,9,17,10633,215677,5180,153293,10648,368970,California
Alameda,2021-03-06,14232,537007,9962,319673,4011,217058,259,276,9346,220441,4843,158136,9607,378577,California
Alameda,2021-03-07,9295,546302,8079,327752,1135,218193,81,357,6577,224408,2693,160829,6660,385237,California
Alameda,2021-03-08,11637,557939,7158,334910,4101,222294,378,735,8655,230509,2932,163761,9033,394270,California
Alameda,2021-03-09,11373,569312,7022,341932,3922,226216,429,1164,6285,232171,5054,168815,6716,400986,California
Alameda,2021-03-10,16662,585974,11317,353249,4787,231003,558,1722,7548,231183,9090,177905,8102,409088,California
Alameda,2021-03-11,19759,605733,11555,364804,6499,237502,1705,3427,6765,226685,12965,190870,8467,417555,California
Alameda,2021-03-12,21141,626874,12315,377119,7176,244678,1650,5077,7467,222144,13651,204521,9110,426665,California
Alameda,2021-03-13,15834,642708,10103,387222,4751,249429,980,6057,5108,217537,10693,215214,6086,432751,California
Alameda,2021-03-14,10691,653399,7811,395033,2095,251524,785,6842,4655,216951,6019,221233,5433,438184,California
Alameda,2021-03-15,14304,667703,9323,404356,4464,255988,517,7359,6362,215913,7914,229147,6876,445060,California
Alameda,2021-03-16,17155,684858,11103,415459,5519,261507,533,7892,7559,214461,9545,238692,8093,453153,California
Alameda,2021-03-17,17355,702213,9773,425232,6890,268397,692,8584,8169,214170,9152,247844,8861,462014,California
Alameda,2021-03-18,19037,721250,10316,435548,7845,276242,876,9460,8764,213568,10246,258090,9644,471658,California
Alameda,2021-03-19,19089,740339,10331,445879,6972,283214,1786,11246,7649,211605,11392,269482,9429,481087,California
Alameda,2021-03-20,15611,755950,10188,456067,4604,287818,819,12065,6536,209909,9047,278529,7351,488438,California
Alameda,2021-03-21,9053,765003,7096,463163,1426,289244,531,12596,3773,208943,5271,283800,4305,492743,California
Alameda,2021-03-22,14875,779878,9995,473158,3904,293148,976,13572,7180,209423,7673,291473,8153,500896,California
Alameda,2021-03-23,19081,798959,11501,484659,6788,299936,792,14364,10708,212598,8330,299803,11505,512401,California
Alameda,2021-03-24,18961,817920,11397,496056,6573,306509,991,15355,8594,211866,10308,310111,9576,521977,California
Alameda,2021-03-25,20329,838249,11219,507275,7730,314239,1380,16735,9557,212083,10708,320819,10925,532902,California
Alameda,2021-03-26,20646,858895,12364,519639,6752,320991,1530,18265,8857,210716,11745,332564,10378,543280,California
Alameda,2021-03-27,18162,877057,12318,531957,4887,325878,957,19222,7838,209213,10279,342843,8776,552056,California
Alameda,2021-03-28,10426,887483,8442,540399,1781,327659,203,19425,3832,206673,6581,349424,4041,556097,California
Alameda,2021-03-29,14579,902062,9279,549678,4306,331965,994,20419,6277,205676,8268,357692,7271,563368,California
Alameda,2021-03-30,18437,920499,9673,559351,7073,339038,1691,22110,10831,210616,7577,365269,12517,575885,California
Alameda,2021-03-31,19218,939717,10113,569464,7041,346079,2064,24174,9533,212545,9662,374931,11591,587476,California
Alameda,2021-04-01,22995,962712,9950,579414,7557,353636,5488,29662,10979,217016,11989,386920,16460,603936,California
Alameda,2021-04-02,23780,986492,9865,589279,8240,361876,5675,35337,11557,222045,12190,399110,17219,621155,California
Alameda,2021-04-03,20064,1006556,9722,599001,5655,367531,4687,40024,10272,227229,9774,408884,14958,636113,California
Alameda,2021-04-04,9918,1016474,3959,602960,2278,369809,3681,43705,3514,228025,6394,415278,7190,643303,California
Alameda,2021-04-05,17706,1034180,7440,610400,5504,375313,4762,48467,7205,229507,10483,425761,11965,655268,California
Alameda,2021-04-06,22078,1056258,10619,621019,5645,380958,5814,54281,10026,233321,12020,437781,15834,671102,California
Alameda,2021-04-07,22398,1078656,11482,632501,5485,386443,5431,59712,11368,239122,10990,448771,16791,687893,California
Alameda,2021-04-08,25320,1103976,11443,643944,5936,392379,7941,67653,10794,243396,14456,463227,18730,706623,California
Alameda,2021-04-09,23117,1127093,10494,654438,7439,399818,5184,72837,11902,249299,11184,474411,17087,723710,California
Alameda,2021-04-10,18777,1145870,7385,661823,5579,405397,5813,78650,8150,252640,10611,485022,13952,737662,California
Alameda,2021-04-11,10964,1156834,4765,666588,2265,407662,3934,82584,4481,254578,6466,491488,8404,746066,California
Alameda,2021-04-12,17775,1174609,11666,678254,4285,411947,1824,84408,10080,258813,7666,499154,11901,757967,California
Alameda,2021-04-13,23010,1197619,14618,692872,8338,420285,54,84462,16980,269867,5989,505143,17043,775010,California
Alameda,2021-04-14,23003,1220622,15193,708065,7808,428093,2,84464,15609,278120,7363,512506,15616,790626,California
Alameda,2021-04-15,23713,1244335,15184,723249,8527,436620,2,84466,15740,285943,7927,520433,15750,806376,California
Alameda,2021-04-16,24244,1268579,14321,737570,9918,446538,5,84471,15647,293059,8546,528979,15662,822038,California
Alameda,2021-04-17,20672,1289251,14254,751824,6418,452956,0,84471,14251,300931,6393,535372,14265,836303,California
Alameda,2021-04-18,9880,1299131,7545,759369,2335,455291,0,84471,6848,304779,3005,538377,6853,843156,California
Alameda,2021-04-19,15442,1314573,9639,769008,5803,461094,0,84471,8953,307281,6461,544838,8963,852119,California
Alameda,2021-04-20,18074,1332647,11035,780043,7038,468132,1,84472,9914,309096,8120,552958,9935,862054,California
Alameda,2021-04-21,19075,1351722,11170,791213,7900,476032,5,84477,11128,312354,7895,560853,11153,873207,California
Alameda,2021-04-22,21178,1372900,13698,804911,7477,483509,3,84480,11240,313729,9894,570747,11269,884476,California
Alameda,2021-04-23,21443,1394343,13991,818902,7452,490961,0,84480,12011,316379,9385,580132,12035,896511,California
Alameda,2021-04-24,18855,1413198,14293,833195,4555,495516,7,84487,9956,317488,8864,588996,9973,906484,California
Alameda,2021-04-25,8678,1421876,6734,839929,1944,497460,0,84487,5600,320034,3064,592060,5610,912094,California
Alameda,2021-04-26,13072,1434948,9038,848967,4014,501474,20,84507,8158,323331,4891,596951,8188,920282,California
Alameda,2021-04-27,15012,1449960,8823,857790,5884,507358,305,84812,7066,322821,7905,604856,7395,927677,California
Alameda,2021-04-28,15224,1465184,9523,867313,5242,512600,459,85271,5719,319538,9473,614329,6190,933867,California
Alameda,2021-04-29,13079,1478263,7862,875175,4925,517525,292,85563,4651,316106,8394,622723,4962,938829,California
Alameda,2021-04-30,14880,1493143,8991,884166,5809,523334,80,85643,5748,312879,9085,631808,5858,944687,California
Alameda,2021-05-01,10635,1503778,6835,891001,3757,527091,43,85686,3978,310289,6640,638448,4050,948737,California
Alameda,2021-05-02,4520,1508298,3025,894026,1477,528568,18,85704,2078,309955,2433,640881,2099,950836,California
Alpine,2020-12-18,2,2,2,2,0,0,0,0,2,2,0,0,2,2,California
Alpine,2020-12-19,2,4,2,4,0,0,0,0,2,4,0,0,2,4,California
Alpine,2020-12-21,2,6,2,6,0,0,0,0,2,6,0,0,2,6,California
Alpine,2020-12-30,14,20,0,6,14,14,0,0,14,20,0,0,14,20,California
Alpine,2020-12-31,1,21,0,6,1,15,0,0,1,21,0,0,1,21,California
Alpine,2021-01-01,1,22,0,6,1,16,0,0,1,22,0,0,1,22,California
Alpine,2021-01-02,1,23,1,7,0,16,0,0,1,23,0,0,1,23,California
Alpine,2021-01-04,10,33,0,7,10,26,0,0,10,33,0,0,10,33,California
Alpine,2021-01-05,9,42,1,8,8,34,0,0,9,42,0,0,9,42,California
Alpine,2021-01-06,31,73,0,8,31,65,0,0,31,73,0,0,31,73,California
Alpine,2021-01-07,8,81,0,8,8,73,0,0,8,81,0,0,8,81,California
Alpine,2021-01-08,4,85,2,10,2,75,0,0,2,81,2,2,2,83,California
Alpine,2021-01-09,2,87,2,12,0,75,0,0,0,79,2,4,0,83,California
Alpine,2021-01-11,32,119,1,13,31,106,0,0,31,109,1,5,31,114,California
Alpine,2021-01-13,35,154,0,13,35,141,0,0,35,144,0,5,35,149,California
Alpine,2021-01-14,1,155,0,13,1,142,0,0,1,145,0,5,1,150,California
Alpine,2021-01-15,1,156,0,13,1,143,0,0,1,146,0,5,1,151,California
Alpine,2021-01-20,21,177,0,13,21,164,0,0,21,167,0,5,21,172,California
Alpine,2021-01-21,1,178,0,13,1,165,0,0,1,168,0,5,1,173,California
Alpine,2021-01-22,32,210,0,13,32,197,0,0,32,200,0,5,32,205,California
Alpine,2021-01-23,1,211,1,14,0,197,0,0,0,199,1,6,0,205,California
Alpine,2021-01-25,16,227,0,14,16,213,0,0,16,215,0,6,16,221,California
Alpine,2021-01-27,1,228,1,15,0,213,0,0,0,214,1,7,0,221,California
Alpine,2021-01-28,1,229,0,15,1,214,0,0,0,213,1,8,0,221,California
Alpine,2021-01-29,1,230,0,15,1,215,0,0,1,214,0,8,1,222,California
Alpine,2021-02-01,25,255,0,15,25,240,0,0,7,203,18,26,7,229,California
Alpine,2021-02-03,34,289,0,15,34,274,0,0,10,189,24,50,10,239,California
Alpine,2021-02-04,8,297,0,15,8,282,0,0,3,187,5,55,3,242,California
Alpine,2021-02-05,31,328,0,15,31,313,0,0,12,180,19,74,12,254,California
Alpine,2021-02-06,1,329,1,16,0,313,0,0,1,181,0,74,1,255,California
Alpine,2021-02-07,1,330,1,17,0,313,0,0,1,182,0,74,1,256,California
Alpine,2021-02-08,32,362,0,17,32,345,0,0,4,158,28,102,4,260,California
Alpine,2021-02-10,34,396,0,17,34,379,0,0,0,124,34,136,0,260,California
Alpine,2021-02-11,6,402,0,17,6,385,0,0,3,124,3,139,3,263,California
Alpine,2021-02-12,1,403,0,17,1,386,0,0,0,123,1,140,0,263,California
Alpine,2021-02-17,23,426,0,17,23,409,0,0,3,106,20,160,3,266,California
Alpine,2021-02-18,2,428,0,17,2,411,0,0,1,106,1,161,1,267,California
Alpine,2021-02-19,34,462,1,18,33,444,0,0,2,76,32,193,2,269,California
Alpine,2021-02-22,27,489,0,18,27,471,0,0,8,65,19,212,8,277,California
Alpine,2021-02-24,1,490,1,19,0,471,0,0,1,66,0,212,1,278,California
Alpine,2021-02-25,6,496,1,20,5,476,0,0,6,72,0,212,6,284,California
Alpine,2021-02-26,29,525,1,21,28,504,0,0,28,99,1,213,28,312,California
Alpine,2021-02-27,1,526,0,21,1,505,0,0,1,100,0,213,1,313,California
Alpine,2021-03-01,35,561,0,21,35,540,0,0,25,115,10,223,25,338,California
Alpine,2021-03-02,1,562,1,22,0,540,0,0,0,114,1,224,0,338,California
Alpine,2021-03-03,30,592,1,23,29,569,0,0,18,120,12,236,18,356,California
Alpine,2021-03-04,11,603,1,24,10,579,0,0,11,131,0,236,11,367,California
Alpine,2021-03-05,30,633,0,24,30,609,0,0,22,145,8,244,22,389,California
Alpine,2021-03-08,31,664,0,24,31,640,0,0,29,172,2,246,29,418,California
Alpine,2021-03-10,73,737,0,24,73,713,0,0,73,245,0,246,73,491,California
Alpine,2021-03-11,36,773,0,24,36,749,0,0,32,273,4,250,32,523,California
Alpine,2021-03-12,19,792,0,24,19,768,0,0,17,288,2,252,17,540,California
Alpine,2021-03-15,21,813,1,25,20,788,0,0,20,307,1,253,20,560,California
Alpine,2021-03-17,23,836,0,25,22,810,1,1,19,323,4,257,20,580,California
Alpine,2021-03-18,38,874,3,28,35,845,0,1,35,355,3,260,35,615,California
Alpine,2021-03-19,2,876,1,29,1,846,0,1,1,355,1,261,1,616,California
Alpine,2021-03-22,24,900,0,29,24,870,0,1,15,361,9,270,15,631,California
Alpine,2021-03-24,19,919,0,29,19,889,0,1,9,360,10,280,9,640,California
Alpine,2021-03-25,35,954,1,30,33,922,1,2,28,382,7,287,29,669,California
Alpine,2021-03-27,1,955,0,30,1,923,0,2,0,381,1,288,0,669,California
Alpine,2021-03-28,1,956,1,31,0,923,0,2,1,382,0,288,1,670,California
Alpine,2021-03-29,19,975,0,31,18,941,1,3,2,368,17,305,3,673,California
Alpine,2021-04-01,16,991,0,31,16,957,0,3,7,366,9,314,7,680,California
Alpine,2021-04-02,100,1091,1,32,99,1056,0,3,46,359,53,367,46,726,California
Alpine,2021-04-05,4,1095,1,33,3,1059,0,3,0,355,4,371,0,726,California
Alpine,2021-04-06,3,1098,2,35,1,1060,0,3,2,356,1,372,2,728,California
Alpine,2021-04-07,116,1214,0,35,115,1175,1,4,29,300,86,458,30,758,California
Alpine,2021-04-08,38,1252,0,35,36,1211,2,6,10,284,28,486,12,770,California
Alpine,2021-04-09,1,1253,0,35,1,1212,0,6,1,285,0,486,1,771,California
Alpine,2021-04-14,47,1300,0,35,47,1259,0,6,10,258,37,523,10,781,California
Alpine,2021-04-15,35,1335,0,35,35,1294,0,6,3,229,32,555,3,784,California
Alpine,2021-04-16,1,1336,0,35,1,1295,0,6,1,230,0,555,1,785,California
Alpine,2021-04-19,1,1337,0,35,1,1296,0,6,1,231,0,555,1,786,California
Alpine,2021-04-21,31,1368,0,35,31,1327,0,6,15,230,16,571,15,801,California
Alpine,2021-04-22,24,1392,0,35,24,1351,0,6,1,208,23,594,1,802,California
Alpine,2021-04-24,2,1394,2,37,0,1351,0,6,0,207,2,596,1,803,California
Alpine,2021-04-25,1,1395,1,38,0,1351,0,6,0,206,1,597,0,803,California
Alpine,2021-04-27,2,1397,1,39,1,1352,0,6,1,206,1,598,1,804,California
Alpine,2021-04-28,36,1433,0,39,36,1388,0,6,6,182,30,628,6,810,California
Alpine,2021-04-29,6,1439,1,40,5,1393,0,6,2,180,4,632,2,812,California
Alpine,2021-04-30,2,1441,1,41,0,1393,1,7,1,181,1,633,2,814,California
Amador,2020-12-16,2,2,2,2,0,0,0,0,2,2,0,0,2,2,California
Amador,2020-12-17,5,7,5,7,0,0,0,0,5,7,0,0,5,7,California
Amador,2020-12-18,45,52,45,52,0,0,0,0,45,52,0,0,45,52,California
Amador,2020-12-19,17,69,17,69,0,0,0,0,17,69,0,0,17,69,California
Amador,2020-12-20,4,73,4,73,0,0,0,0,4,73,0,0,4,73,California
Amador,2020-12-21,31,104,31,104,0,0,0,0,31,104,0,0,31,104,California
Amador,2020-12-22,35,139,34,138,1,1,0,0,35,139,0,0,35,139,California
Amador,2020-12-23,39,178,38,176,1,2,0,0,39,178,0,0,39,178,California
Amador,2020-12-24,5,183,3,179,2,4,0,0,5,183,0,0,5,183,California
Amador,2020-12-26,5,188,4,183,1,5,0,0,5,188,0,0,5,188,California
Amador,2020-12-27,1,189,0,183,1,6,0,0,1,189,0,0,1,189,California
Amador,2020-12-28,31,220,27,210,4,10,0,0,31,220,0,0,31,220,California
Amador,2020-12-29,26,246,19,229,7,17,0,0,26,246,0,0,26,246,California
Amador,2020-12-30,124,370,78,307,46,63,0,0,124,370,0,0,124,370,California
Amador,2020-12-31,191,561,166,473,25,88,0,0,191,561,0,0,191,561,California
Amador,2021-01-01,2,563,0,473,2,90,0,0,2,563,0,0,2,563,California
Amador,2021-01-02,56,619,56,529,0,90,0,0,56,619,0,0,56,619,California
Amador,2021-01-03,65,684,17,546,48,138,0,0,65,684,0,0,65,684,California
Amador,2021-01-04,124,808,1,547,123,261,0,0,124,808,0,0,124,808,California
Amador,2021-01-05,33,841,3,550,30,291,0,0,31,838,2,2,32,840,California
Amador,2021-01-06,40,881,10,560,30,321,0,0,36,870,4,6,36,876,California
Amador,2021-01-07,227,1108,68,628,159,480,0,0,215,1073,12,18,215,1091,California
Amador,2021-01-08,84,1192,70,698,14,494,0,0,40,1070,44,62,41,1132,California
Amador,2021-01-09,11,1203,11,709,0,494,0,0,2,1063,9,71,2,1134,California
Amador,2021-01-10,6,1209,4,713,2,496,0,0,2,1061,4,75,2,1136,California
Amador,2021-01-11,124,1333,44,757,80,576,0,0,88,1114,36,111,89,1225,California
Amador,2021-01-12,64,1397,49,806,15,591,0,0,40,1130,24,135,40,1265,California
Amador,2021-01-13,38,1435,23,829,15,606,0,0,26,1144,12,147,26,1291,California
Amador,2021-01-14,146,1581,20,849,126,732,0,0,136,1270,10,157,136,1427,California
Amador,2021-01-15,55,1636,24,873,31,763,0,0,48,1311,7,164,48,1475,California
Amador,2021-01-16,19,1655,12,885,7,770,0,0,13,1319,6,170,14,1489,California
Amador,2021-01-17,25,1680,5,890,20,790,0,0,25,1344,0,170,25,1514,California
Amador,2021-01-18,32,1712,28,918,4,794,0,0,10,1332,22,192,10,1524,California
Amador,2021-01-19,121,1833,96,1014,25,819,0,0,77,1365,44,236,77,1601,California
Amador,2021-01-20,184,2017,34,1048,150,969,0,0,168,1518,15,251,168,1769,California
Amador,2021-01-21,253,2270,222,1270,31,1000,0,0,144,1554,109,360,145,1914,California
Amador,2021-01-22,134,2404,72,1342,62,1062,0,0,127,1674,7,367,127,2041,California
Amador,2021-01-23,52,2456,32,1374,20,1082,0,0,50,1722,2,369,50,2091,California
Amador,2021-01-24,28,2484,12,1386,16,1098,0,0,25,1744,3,372,25,2116,California
Amador,2021-01-25,59,2543,28,1414,31,1129,0,0,42,1769,17,389,42,2158,California
Amador,2021-01-26,244,2787,16,1430,228,1357,0,0,234,1993,10,399,234,2392,California
Amador,2021-01-27,296,3083,30,1460,266,1623,0,0,249,2198,45,444,250,2642,California
Amador,2021-01-28,346,3429,76,1536,270,1893,0,0,285,2423,61,505,286,2928,California
Amador,2021-01-29,96,3525,31,1567,65,1958,0,0,81,2489,15,520,81,3009,California
Amador,2021-01-30,168,3693,34,1601,134,2092,0,0,163,2647,5,525,163,3172,California
Amador,2021-01-31,32,3725,28,1629,4,2096,0,0,31,2677,1,526,31,3203,California
Amador,2021-02-01,63,3788,23,1652,40,2136,0,0,36,2686,27,553,36,3239,California
Amador,2021-02-02,211,3999,63,1715,148,2284,0,0,126,2730,82,635,126,3365,California
Amador,2021-02-03,141,4140,38,1753,103,2387,0,0,90,2770,50,685,90,3455,California
Amador,2021-02-04,249,4389,73,1826,176,2563,0,0,164,2851,85,770,166,3621,California
Amador,2021-02-05,331,4720,63,1889,268,2831,0,0,315,3150,16,786,315,3936,California
Amador,2021-02-06,99,4819,80,1969,19,2850,0,0,95,3241,4,790,95,4031,California
Amador,2021-02-07,38,4857,35,2004,3,2853,0,0,35,3273,3,793,35,4066,California
Amador,2021-02-08,90,4947,62,2066,28,2881,0,0,73,3329,17,810,73,4139,California
Amador,2021-02-09,175,5122,83,2149,92,2973,0,0,110,3374,65,875,110,4249,California
Amador,2021-02-10,976,6098,80,2229,896,3869,0,0,943,4284,33,908,943,5192,California
Amador,2021-02-11,307,6405,119,2348,188,4057,0,0,201,4380,105,1013,201,5393,California
Amador,2021-02-12,326,6731,119,2467,207,4264,0,0,254,4562,72,1085,254,5647,California
Amador,2021-02-13,165,6896,81,2548,84,4348,0,0,139,4675,26,1111,139,5786,California
Amador,2021-02-14,124,7020,54,2602,70,4418,0,0,107,4765,17,1128,107,5893,California
Amador,2021-02-15,185,7205,60,2662,125,4543,0,0,168,4917,16,1144,168,6061,California
Amador,2021-02-16,464,7669,53,2715,411,4954,0,0,425,5304,39,1183,426,6487,California
Amador,2021-02-17,259,7928,80,2795,179,5133,0,0,163,5371,96,1279,163,6650,California
Amador,2021-02-18,398,8326,99,2894,299,5432,0,0,336,5646,62,1341,337,6987,California
Amador,2021-02-19,194,8520,77,2971,117,5549,0,0,111,5674,83,1424,111,7098,California
Amador,2021-02-20,92,8612,30,3001,62,5611,0,0,64,5710,28,1452,64,7162,California
Amador,2021-02-21,45,8657,34,3035,11,5622,0,0,15,5695,30,1482,15,7177,California
Amador,2021-02-22,63,8720,24,3059,39,5661,0,0,32,5697,30,1512,32,7209,California
Amador,2021-02-23,318,9038,54,3113,264,5925,0,0,138,5656,180,1692,139,7348,California
Amador,2021-02-24,393,9431,56,3169,337,6262,0,0,263,5793,126,1818,263,7611,California
Amador,2021-02-25,521,9952,116,3285,405,6667,0,0,280,5833,240,2058,280,7891,California
Amador,2021-02-26,608,10560,75,3360,533,7200,0,0,503,6232,105,2163,504,8395,California
Amador,2021-02-27,288,10848,91,3451,197,7397,0,0,100,6147,187,2350,102,8497,California
Amador,2021-02-28,102,10950,52,3503,50,7447,0,0,56,6160,46,2396,59,8556,California
Amador,2021-03-01,188,11138,66,3569,122,7569,0,0,119,6211,69,2465,120,8676,California
Amador,2021-03-02,379,11517,63,3632,316,7885,0,0,329,6491,50,2515,330,9006,California
Amador,2021-03-03,242,11759,79,3711,163,8048,0,0,167,6585,74,2589,168,9174,California
Amador,2021-03-04,496,12255,117,3828,379,8427,0,0,393,6875,103,2692,393,9567,California
Amador,2021-03-05,511,12766,77,3905,434,8861,0,0,293,6953,217,2909,295,9862,California
Amador,2021-03-06,99,12865,45,3950,53,8914,1,1,54,6963,45,2954,55,9917,California
Amador,2021-03-07,63,12928,42,3992,21,8935,0,1,20,6940,43,2997,20,9937,California
Amador,2021-03-08,152,13080,71,4063,80,9015,1,2,91,6971,61,3058,92,10029,California
Amador,2021-03-09,370,13450,50,4113,320,9335,0,2,292,7188,75,3133,292,10321,California
Amador,2021-03-10,508,13958,74,4187,432,9767,2,4,111,6905,397,3530,114,10435,California
Amador,2021-03-11,471,14429,115,4302,345,10112,11,15,299,7047,171,3701,313,10748,California
Amador,2021-03-12,568,14997,65,4367,495,10607,8,23,337,7167,230,3931,350,11098,California
Amador,2021-03-13,114,15111,18,4385,89,10696,7,30,74,7212,40,3971,85,11183,California
Amador,2021-03-14,90,15201,19,4404,68,10764,3,33,21,7167,69,4040,24,11207,California
Amador,2021-03-15,176,15377,25,4429,144,10908,7,40,53,7106,123,4163,62,11269,California
Amador,2021-03-16,447,15824,54,4483,383,11291,10,50,137,6945,308,4471,147,11416,California
Amador,2021-03-17,192,16016,42,4525,147,11438,3,53,116,6989,76,4547,120,11536,California
Amador,2021-03-18,475,16491,98,4623,373,11811,4,57,248,7019,227,4774,257,11793,California
Amador,2021-03-19,540,17031,56,4679,467,12278,17,74,391,7283,147,4921,411,12204,California
Amador,2021-03-20,109,17140,45,4724,63,12341,1,75,46,7270,62,4983,49,12253,California
Amador,2021-03-21,48,17188,36,4760,11,12352,1,76,31,7288,16,4999,34,12287,California
Amador,2021-03-22,113,17301,32,4792,52,12404,29,105,49,7302,64,5063,78,12365,California
Amador,2021-03-23,432,17733,47,4839,377,12781,8,113,275,7429,156,5219,283,12648,California
Amador,2021-03-24,341,18074,35,4874,54,12835,252,365,34,7409,306,5525,286,12934,California
Amador,2021-03-25,600,18674,81,4955,513,13348,6,371,389,7594,210,5735,395,13329,California
Amador,2021-03-26,739,19413,43,4998,690,14038,6,377,283,7432,454,6189,292,13621,California
Amador,2021-03-27,91,19504,14,5012,75,14113,2,379,27,7399,64,6253,31,13652,California
Amador,2021-03-28,68,19572,15,5027,51,14164,2,381,14,7363,53,6306,17,13669,California
Amador,2021-03-29,179,19751,26,5053,152,14316,1,382,81,7354,96,6402,87,13756,California
Amador,2021-03-30,527,20278,27,5080,499,14815,1,383,291,7411,235,6637,292,14048,California
Amador,2021-03-31,199,20477,56,5136,138,14953,5,388,43,7303,156,6793,48,14096,California
Amador,2021-04-01,612,21089,87,5223,525,15478,0,388,263,7221,347,7140,265,14361,California
Amador,2021-04-02,597,21686,35,5258,550,16028,12,400,378,7394,218,7358,391,14752,California
Amador,2021-04-03,82,21768,19,5277,43,16071,20,420,20,7373,62,7420,41,14793,California
Amador,2021-04-04,38,21806,3,5280,29,16100,6,426,15,7371,23,7443,21,14814,California
Amador,2021-04-05,142,21948,51,5331,74,16174,17,443,48,7344,93,7536,66,14880,California
Amador,2021-04-06,504,22452,37,5368,448,16622,19,462,224,7309,278,7814,243,15123,California
Amador,2021-04-07,100,22552,34,5402,47,16669,19,481,44,7318,54,7868,63,15186,California
Amador,2021-04-08,495,23047,83,5485,391,17060,21,502,222,7289,272,8140,243,15429,California
Amador,2021-04-09,485,23532,21,5506,445,17505,19,521,216,7254,268,8408,233,15662,California
Amador,2021-04-10,50,23582,14,5520,27,17532,9,530,22,7257,28,8436,31,15693,California
Amador,2021-04-11,48,23630,23,5543,21,17553,4,534,22,7257,26,8462,26,15719,California
Amador,2021-04-12,98,23728,26,5569,62,17615,10,544,42,7253,56,8518,52,15771,California
Amador,2021-04-13,343,24071,50,5619,293,17908,0,544,68,7047,274,8792,68,15839,California
Amador,2021-04-14,275,24346,26,5645,249,18157,0,544,175,7123,99,8891,175,16014,California
Amador,2021-04-15,329,24675,72,5717,257,18414,0,544,73,6945,251,9142,73,16087,California
Amador,2021-04-16,483,25158,29,5746,454,18868,0,544,385,7234,96,9238,385,16472,California
Amador,2021-04-17,61,25219,35,5781,26,18894,0,544,27,7227,34,9272,27,16499,California
Amador,2021-04-18,25,25244,5,5786,20,18914,0,544,11,7224,14,9286,11,16510,California
Amador,2021-04-19,69,25313,27,5813,42,18956,0,544,31,7220,37,9323,33,16543,California
Amador,2021-04-20,436,25749,54,5867,382,19338,0,544,111,7015,318,9641,113,16656,California
Amador,2021-04-21,85,25834,34,5901,51,19389,0,544,43,7017,41,9682,43,16699,California
Amador,2021-04-22,489,26323,72,5973,416,19805,1,545,104,6744,378,10060,105,16804,California
Amador,2021-04-23,355,26678,44,6017,311,20116,0,545,285,6962,69,10129,287,17091,California
Amador,2021-04-24,45,26723,23,6040,22,20138,0,545,25,6967,20,10149,25,17116,California
Amador,2021-04-25,37,26760,19,6059,18,20156,0,545,25,6980,12,10161,25,17141,California
Amador,2021-04-26,80,26840,25,6084,54,20210,1,546,39,6980,40,10201,40,17181,California
Amador,2021-04-27,481,27321,36,6120,445,20655,0,546,85,6671,394,10595,85,17266,California
Amador,2021-04-28,65,27386,28,6148,34,20689,3,549,38,6685,27,10622,41,17307,California
Amador,2021-04-29,164,27550,20,6168,37,20726,107,656,36,6700,128,10750,143,17450,California
Amador,2021-04-30,278,27828,10,6178,266,20992,2,658,58,6540,220,10970,60,17510,California
Amador,2021-05-01,18,27846,6,6184,8,21000,4,662,7,6541,10,10980,11,17521,California
Amador,2021-05-02,9,27855,3,6187,4,21004,2,664,4,6543,5,10985,7,17528,California
Butte,2020-12-16,3,3,3,3,0,0,0,0,3,3,0,0,3,3,California
Butte,2020-12-17,21,24,21,24,0,0,0,0,21,24,0,0,21,24,California
Butte,2020-12-18,50,74,50,74,0,0,0,0,50,74,0,0,50,74,California
Butte,2020-12-19,7,81,7,81,0,0,0,0,7,81,0,0,7,81,California
Butte,2020-12-20,10,91,10,91,0,0,0,0,10,91,0,0,10,91,California
Butte,2020-12-21,634,725,634,725,0,0,0,0,634,725,0,0,634,725,California
Butte,2020-12-22,617,1342,615,1340,2,2,0,0,617,1342,0,0,617,1342,California
Butte,2020-12-23,869,2211,853,2193,16,18,0,0,869,2211,0,0,869,2211,California
Butte,2020-12-24,159,2370,156,2349,3,21,0,0,159,2370,0,0,159,2370,California
Butte,2020-12-26,93,2463,91,2440,2,23,0,0,93,2463,0,0,93,2463,California
Butte,2020-12-27,35,2498,34,2474,1,24,0,0,35,2498,0,0,35,2498,California
Butte,2020-12-28,279,2777,273,2747,6,30,0,0,279,2777,0,0,279,2777,California
Butte,2020-12-29,203,2980,179,2926,24,54,0,0,203,2980,0,0,203,2980,California
Butte,2020-12-30,503,3483,291,3217,212,266,0,0,503,3483,0,0,503,3483,California
Butte,2020-12-31,211,3694,18,3235,193,459,0,0,211,3694,0,0,211,3694,California
Butte,2021-01-01,8,3702,1,3236,7,466,0,0,8,3702,0,0,8,3702,California
Butte,2021-01-02,41,3743,38,3274,3,469,0,0,41,3743,0,0,41,3743,California
Butte,2021-01-03,4,3747,1,3275,3,472,0,0,4,3747,0,0,4,3747,California
Butte,2021-01-04,208,3955,175,3450,33,505,0,0,208,3955,0,0,208,3955,California
Butte,2021-01-05,196,4151,151,3601,45,550,0,0,195,4149,1,1,195,4150,California
Butte,2021-01-06,623,4774,397,3998,226,776,0,0,618,4763,5,6,619,4769,California
Butte,2021-01-07,762,5536,370,4368,392,1168,0,0,742,5485,20,26,742,5511,California
Butte,2021-01-08,656,6192,529,4897,127,1295,0,0,610,6049,46,72,610,6121,California
Butte,2021-01-09,12,6204,7,4904,5,1300,0,0,7,6051,5,77,7,6128,California
Butte,2021-01-10,19,6223,5,4909,14,1314,0,0,14,6060,5,82,14,6142,California
Butte,2021-01-11,985,7208,949,5858,36,1350,0,0,357,5792,628,710,360,6502,California
Butte,2021-01-12,697,7905,652,6510,45,1395,0,0,274,5643,423,1133,274,6776,California
Butte,2021-01-13,1449,9354,955,7465,494,1889,0,0,615,5426,834,1967,617,7393,California
Butte,2021-01-14,1637,10991,896,8361,741,2630,0,0,1440,6670,196,2163,1440,8833,California
Butte,2021-01-15,1168,12159,926,9287,242,2872,0,0,1059,7619,110,2273,1059,9892,California
Butte,2021-01-16,586,12745,300,9587,286,3158,0,0,541,8115,45,2318,541,10433,California
Butte,2021-01-17,239,12984,64,9651,175,3333,0,0,202,8280,37,2355,202,10635,California
Butte,2021-01-18,342,13326,301,9952,41,3374,0,0,275,8489,66,2421,275,10910,California
Butte,2021-01-19,494,13820,429,10381,65,3439,0,0,221,8437,273,2694,221,11131,California
Butte,2021-01-20,1346,15166,665,11046,681,4120,0,0,1043,9177,303,2997,1043,12174,California
Butte,2021-01-21,1474,16640,866,11912,608,4728,0,0,1366,10436,107,3104,1366,13540,California
Butte,2021-01-22,1112,17752,453,12365,659,5387,0,0,1059,11442,53,3157,1059,14599,California
Butte,2021-01-23,127,17879,85,12450,42,5429,0,0,101,11517,26,3183,101,14700,California
Butte,2021-01-24,9,17888,7,12457,2,5431,0,0,9,11526,0,3183,9,14709,California
Butte,2021-01-25,656,18544,336,12793,320,5751,0,0,493,11856,163,3346,493,15202,California
Butte,2021-01-26,1467,20011,377,13170,1090,6841,0,0,1330,13049,137,3483,1330,16532,California
Butte,2021-01-27,2081,22092,705,13875,1376,8217,0,0,1362,13693,718,4201,1362,17894,California
Butte,2021-01-28,2263,24355,262,14137,2001,10218,0,0,1952,15335,310,4511,1952,19846,California
Butte,2021-01-29,1686,26041,488,14625,1198,11416,0,0,1307,16264,378,4889,1307,21153,California
Butte,2021-01-30,32,26073,9,14634,23,11439,0,0,29,16290,3,4892,29,21182,California
Butte,2021-01-31,17,26090,15,14649,2,11441,0,0,16,16305,1,4893,16,21198,California
Butte,2021-02-01,1747,27837,406,15055,1341,12782,0,0,1359,17278,386,5279,1359,22557,California
Butte,2021-02-02,1930,29767,362,15417,1568,14350,0,0,1627,18601,304,5583,1627,24184,California
Butte,2021-02-03,2733,32500,772,16189,1961,16311,0,0,1843,19556,888,6471,1843,26027,California
Butte,2021-02-04,2959,35459,327,16516,2632,18943,0,0,2404,21407,553,7024,2404,28431,California
Butte,2021-02-05,1252,36711,663,17179,589,19532,0,0,549,21261,703,7727,557,28988,California
Butte,2021-02-06,144,36855,103,17282,41,19573,0,0,62,21241,82,7809,62,29050,California
Butte,2021-02-07,37,36892,33,17315,4,19577,0,0,13,21230,24,7833,13,29063,California
Butte,2021-02-08,689,37581,540,17855,149,19726,0,0,238,21017,451,8284,238,29301,California
Butte,2021-02-09,951,38532,457,18312,494,20220,0,0,724,21514,227,8511,724,30025,California
Butte,2021-02-10,1706,40238,1190,19502,516,20736,0,0,697,21204,1007,9518,697,30722,California
Butte,2021-02-11,2200,42438,1348,20850,852,21588,0,0,1004,21012,1196,10714,1004,31726,California
Butte,2021-02-12,984,43422,416,21266,568,22156,0,0,333,20706,649,11363,343,32069,California
Butte,2021-02-13,252,43674,44,21310,208,22364,0,0,150,20754,102,11465,150,32219,California
Butte,2021-02-14,160,43834,9,21319,151,22515,0,0,155,20904,5,11470,155,32374,California
Butte,2021-02-15,264,44098,48,21367,216,22731,0,0,198,21036,66,11536,198,32572,California
Butte,2021-02-16,732,44830,431,21798,301,23032,0,0,274,20853,459,11995,276,32848,California
Butte,2021-02-17,1513,46343,847,22645,666,23698,0,0,841,21024,670,12665,841,33689,California
Butte,2021-02-18,1555,47898,761,23406,794,24492,0,0,747,20963,808,13473,747,34436,California
Butte,2021-02-19,1166,49064,387,23793,779,25271,0,0,401,20606,758,14231,401,34837,California
Butte,2021-02-20,473,49537,28,23821,445,25716,0,0,120,20374,352,14583,120,34957,California
Butte,2021-02-21,16,49553,14,23835,2,25718,0,0,11,20380,5,14588,11,34968,California
Butte,2021-02-22,1497,51050,296,24131,1201,26919,0,0,381,19647,1114,15702,381,35349,California
Butte,2021-02-23,1633,52683,297,24428,1336,28255,0,0,463,18945,1165,16867,463,35812,California
Butte,2021-02-24,2135,54818,597,25025,1538,29793,0,0,729,18276,1398,18265,729,36541,California
Butte,2021-02-25,2073,56891,575,25600,1498,31291,0,0,651,17511,1417,19682,652,37193,California
Butte,2021-02-26,922,57813,312,25912,610,31901,0,0,399,17390,520,20202,399,37592,California
Butte,2021-02-27,234,58047,47,25959,187,32088,0,0,186,17530,46,20248,186,37778,California
Butte,2021-02-28,140,58187,16,25975,124,32212,0,0,132,17654,8,20256,132,37910,California
Butte,2021-03-01,1627,59814,178,26153,1448,33660,1,1,329,16689,1295,21551,330,38240,California
Butte,2021-03-02,1742,61556,196,26349,1546,35206,0,1,309,15569,1429,22980,309,38549,California
Butte,2021-03-03,2781,64337,846,27195,1935,37141,0,1,481,13751,2299,25279,481,39030,California
Butte,2021-03-04,3135,67472,672,27867,2463,39604,0,1,618,11853,2516,27795,618,39648,California
Butte,2021-03-05,1348,68820,617,28484,730,40334,1,2,735,11979,610,28405,736,40384,California
Butte,2021-03-06,248,69068,28,28512,197,40531,23,25,186,12127,61,28466,209,40593,California
Butte,2021-03-07,55,69123,3,28515,35,40566,17,42,30,12149,25,28491,47,40640,California
Butte,2021-03-08,1264,70387,129,28644,1058,41624,77,119,1099,13163,162,28653,1176,41816,California
Butte,2021-03-09,1896,72283,276,28920,1517,43141,103,222,1410,14192,484,29137,1513,43329,California
Butte,2021-03-10,2319,74602,965,29885,1254,44395,100,322,1580,15137,734,29871,1679,45008,California
Butte,2021-03-11,2803,77405,1312,31197,1365,45760,126,448,1979,16428,814,30685,2105,47113,California
Butte,2021-03-12,1141,78546,328,31525,466,46226,347,795,354,16348,781,31466,701,47814,California
Butte,2021-03-13,252,78798,66,31591,137,46363,49,844,64,16272,188,31654,112,47926,California
Butte,2021-03-14,160,78958,14,31605,104,46467,42,886,21,16197,138,31792,63,47989,California
Butte,2021-03-15,1719,80677,359,31964,1067,47534,293,1179,1126,17028,588,32380,1419,49408,California
Butte,2021-03-16,1629,82306,416,32380,1135,48669,78,1257,1090,17659,536,32916,1167,50575,California
Butte,2021-03-17,1952,84258,1359,33739,512,49181,81,1338,1133,18061,811,33727,1213,51788,California
Butte,2021-03-18,1798,86056,1455,35194,214,49395,129,1467,1059,18515,733,34460,1187,52975,California
Butte,2021-03-19,699,86755,313,35507,302,49697,84,1551,345,18599,345,34805,429,53404,California
Butte,2021-03-20,205,86960,32,35539,157,49854,16,1567,93,18596,112,34917,109,53513,California
Butte,2021-03-21,58,87018,27,35566,2,49856,29,1596,15,18597,43,34960,44,53557,California
Butte,2021-03-22,1461,88479,353,35919,1014,50870,94,1690,1196,19624,263,35223,1290,54847,California
Butte,2021-03-23,1799,90278,488,36407,1197,52067,114,1804,1453,20847,344,35567,1567,56414,California
Butte,2021-03-24,2247,92525,1264,37671,857,52924,126,1930,1701,22131,542,36109,1826,58240,California
Butte,2021-03-25,1482,94007,1199,38870,192,53116,91,2021,1021,22785,458,36567,1112,59352,California
Butte,2021-03-26,1214,95221,443,39313,525,53641,246,2267,568,22961,638,37205,814,60166,California
Butte,2021-03-27,299,95520,83,39396,192,53833,24,2291,132,22951,164,37369,154,60320,California
Butte,2021-03-28,225,95745,42,39438,175,54008,8,2299,100,22936,122,37491,107,60427,California
Butte,2021-03-29,1720,97465,381,39819,1269,55277,70,2369,1306,23901,411,37902,1376,61803,California
Butte,2021-03-30,1037,98502,467,40286,480,55757,90,2459,496,23952,535,38437,586,62389,California
Butte,2021-03-31,1777,100279,1305,41591,405,56162,67,2526,1088,24424,683,39120,1155,63544,California
Butte,2021-04-01,3278,103557,2660,44251,491,56653,127,2653,2211,25701,1062,40182,2339,65883,California
Butte,2021-04-02,999,104556,418,44669,461,57114,120,2773,560,25949,431,40613,679,66562,California
Butte,2021-04-03,344,104900,45,44714,224,57338,75,2848,165,26010,179,40792,240,66802,California
Butte,2021-04-04,186,105086,23,44737,140,57478,23,2871,108,26065,76,40868,131,66933,California
Butte,2021-04-05,1958,107044,419,45156,1370,58848,169,3040,601,25484,1350,42218,769,67702,California
Butte,2021-04-06,2183,109227,616,45772,1147,59995,420,3460,785,25295,1392,43610,1203,68905,California
Butte,2021-04-07,3002,112229,1312,47084,1297,61292,393,3853,691,24074,2305,45915,1084,69989,California
Butte,2021-04-08,2718,114947,1185,48269,1268,62560,265,4118,436,22496,2279,48194,701,70690,California
Butte,2021-04-09,1364,116311,346,48615,538,63098,480,4598,326,22264,1035,49229,803,71493,California
Butte,2021-04-10,216,116527,46,48661,74,63172,96,4694,95,22334,120,49349,190,71683,California
Butte,2021-04-11,103,116630,42,48703,51,63223,10,4704,79,22401,22,49371,89,71772,California
Butte,2021-04-12,1408,118038,317,49020,958,64181,133,4837,254,21634,1154,50525,387,72159,California
Butte,2021-04-13,1637,119675,571,49591,1060,65241,6,4843,348,20707,1282,51807,355,72514,California
Butte,2021-04-14,2830,122505,2341,51932,489,65730,0,4843,1316,20515,1509,53316,1317,73831,California
Butte,2021-04-15,634,123139,390,52322,244,65974,0,4843,480,20844,151,53467,480,74311,California
Butte,2021-04-16,807,123946,414,52736,393,66367,0,4843,475,20990,329,53796,475,74786,California
Butte,2021-04-17,338,124284,61,52797,277,66644,0,4843,236,21126,100,53896,236,75022,California
Butte,2021-04-18,38,124322,8,52805,30,66674,0,4843,34,21156,4,53900,34,75056,California
Butte,2021-04-19,1558,125880,381,53186,1177,67851,0,4843,449,20499,1106,55006,449,75505,California
Butte,2021-04-20,1968,127848,718,53904,1250,69101,0,4843,781,20098,1182,56188,781,76286,California
Butte,2021-04-21,2050,129898,1165,55069,885,69986,0,4843,481,19016,1563,57751,481,76767,California
Butte,2021-04-22,2182,132080,1904,56973,278,70264,0,4843,608,18054,1570,59321,608,77375,California
Butte,2021-04-23,937,133017,437,57410,500,70764,0,4843,488,18094,448,59769,488,77863,California
Butte,2021-04-24,347,133364,140,57550,207,70971,0,4843,191,18129,156,59925,191,78054,California
Butte,2021-04-25,171,133535,67,57617,104,71075,0,4843,64,18086,107,60032,64,78118,California
Butte,2021-04-26,1468,135003,408,58025,1055,72130,5,4848,410,17446,1055,61087,415,78533,California
Butte,2021-04-27,902,135905,616,58641,261,72391,25,4873,547,17667,351,61438,572,79105,California
Butte,2021-04-28,1256,137161,815,59456,417,72808,24,4897,402,17244,849,62287,426,79531,California
Butte,2021-04-29,730,137891,408,59864,296,73104,26,4923,218,16980,508,62795,244,79775,California
Butte,2021-04-30,594,138485,249,60113,328,73432,17,4940,315,17036,275,63070,331,80106,California
Butte,2021-05-01,89,138574,11,60124,68,73500,10,4950,21,17000,67,63137,31,80137,California
Butte,2021-05-02,26,138600,5,60129,11,73511,10,4960,15,17014,11,63148,25,80162,California
Calaveras,2020-12-16,5,5,5,5,0,0,0,0,5,5,0,0,5,5,California
Calaveras,2020-12-17,3,8,3,8,0,0,0,0,3,8,0,0,3,8,California
Calaveras,2020-12-18,38,46,38,46,0,0,0,0,38,46,0,0,38,46,California
Calaveras,2020-12-19,3,49,3,49,0,0,0,0,3,49,0,0,3,49,California
Calaveras,2020-12-20,3,52,3,52,0,0,0,0,3,52,0,0,3,52,California
Calaveras,2020-12-21,55,107,48,100,7,7,0,0,55,107,0,0,55,107,California
Calaveras,2020-12-22,82,189,78,178,4,11,0,0,83,190,0,0,83,190,California
Calaveras,2020-12-23,76,265,74,252,2,13,0,0,76,266,0,0,76,266,California
Calaveras,2020-12-24,2,267,2,254,0,13,0,0,2,268,0,0,2,268,California
Calaveras,2020-12-26,3,270,3,257,0,13,0,0,3,271,0,0,3,271,California
Calaveras,2020-12-28,22,292,18,275,4,17,0,0,21,291,1,1,21,292,California
Calaveras,2020-12-29,168,460,148,423,20,37,0,0,168,459,0,1,168,460,California
Calaveras,2020-12-30,94,554,82,505,12,49,0,0,94,553,0,1,94,554,California
Calaveras,2020-12-31,35,589,25,530,10,59,0,0,35,588,0,1,35,589,California
Calaveras,2021-01-02,11,600,11,541,0,59,0,0,11,599,0,1,11,600,California
Calaveras,2021-01-03,10,610,4,545,6,65,0,0,10,609,0,1,10,610,California
Calaveras,2021-01-04,33,643,5,550,28,93,0,0,33,642,0,1,33,643,California
Calaveras,2021-01-05,40,683,9,559,31,124,0,0,32,671,8,9,37,680,California
Calaveras,2021-01-06,106,789,29,588,77,201,0,0,96,757,10,19,96,776,California
Calaveras,2021-01-07,105,894,26,614,79,280,0,0,92,839,11,30,93,869,California
Calaveras,2021-01-08,68,962,38,652,30,310,0,0,45,862,23,53,46,915,California
Calaveras,2021-01-09,5,967,5,657,0,310,0,0,2,861,3,56,2,917,California
Calaveras,2021-01-10,2,969,0,657,2,312,0,0,2,863,0,56,2,919,California
Calaveras,2021-01-11,65,1034,59,716,6,318,0,0,27,855,37,93,29,948,California
Calaveras,2021-01-12,85,1119,52,768,33,351,0,0,52,875,33,126,53,1001,California
Calaveras,2021-01-13,109,1228,44,812,65,416,0,0,75,917,34,160,76,1077,California
Calaveras,2021-01-14,137,1365,41,853,96,512,0,0,104,990,32,192,105,1182,California
Calaveras,2021-01-15,91,1456,29,882,62,574,0,0,71,1041,20,212,71,1253,California
Calaveras,2021-01-16,13,1469,2,884,11,585,0,0,12,1052,1,213,12,1265,California
Calaveras,2021-01-17,9,1478,1,885,8,593,0,0,9,1061,0,213,9,1274,California
Calaveras,2021-01-18,131,1609,19,904,112,705,0,0,118,1169,13,226,121,1395,California
Calaveras,2021-01-19,204,1813,174,1078,30,735,0,0,62,1091,141,367,63,1458,California
Calaveras,2021-01-20,375,2188,81,1159,294,1029,0,0,291,1307,83,450,299,1757,California
Calaveras,2021-01-21,461,2649,40,1199,421,1450,0,0,434,1720,27,477,440,2197,California
Calaveras,2021-01-22,401,3050,23,1222,378,1828,0,0,391,2108,10,487,398,2595,California
Calaveras,2021-01-23,22,3072,10,1232,12,1840,0,0,18,2122,4,491,18,2613,California
Calaveras,2021-01-24,13,3085,8,1240,5,1845,0,0,11,2131,2,493,11,2624,California
Calaveras,2021-01-25,85,3170,8,1248,77,1922,0,0,80,2206,5,498,80,2704,California
Calaveras,2021-01-26,47,3217,15,1263,32,1954,0,0,39,2237,8,506,39,2743,California
Calaveras,2021-01-27,133,3350,43,1306,90,2044,0,0,106,2317,26,532,106,2849,California
Calaveras,2021-01-28,163,3513,23,1329,140,2184,0,0,140,2437,23,555,143,2992,California
Calaveras,2021-01-29,386,3899,13,1342,373,2557,0,0,362,2783,24,579,370,3362,California
Calaveras,2021-01-30,27,3926,10,1352,17,2574,0,0,25,2808,0,579,25,3387,California
Calaveras,2021-01-31,5,3931,3,1355,2,2576,0,0,4,2811,1,580,4,3391,California
Calaveras,2021-02-01,24,3955,11,1366,13,2589,0,0,18,2823,6,586,18,3409,California
Calaveras,2021-02-02,108,4063,22,1388,86,2675,0,0,70,2860,34,620,71,3480,California
Calaveras,2021-02-03,429,4492,42,1430,387,3062,0,0,346,3125,82,702,347,3827,California
Calaveras,2021-02-04,379,4871,24,1454,355,3417,0,0,297,3340,82,784,297,4124,California
Calaveras,2021-02-05,78,4949,22,1476,56,3473,0,0,40,3343,38,822,41,4165,California
Calaveras,2021-02-06,21,4970,12,1488,9,3482,0,0,21,3364,0,822,21,4186,California
Calaveras,2021-02-07,4,4974,1,1489,3,3485,0,0,2,3364,2,824,2,4188,California
Calaveras,2021-02-08,38,5012,17,1506,21,3506,0,0,30,3388,6,830,30,4218,California
Calaveras,2021-02-09,190,5202,74,1580,116,3622,0,0,129,3462,55,885,129,4347,California
Calaveras,2021-02-10,512,5714,29,1609,483,4105,0,0,444,3839,68,953,445,4792,California
Calaveras,2021-02-11,582,6296,81,1690,501,4606,0,0,474,4209,105,1058,475,5267,California
Calaveras,2021-02-12,569,6865,325,2015,244,4850,0,0,494,4631,73,1131,495,5762,California
Calaveras,2021-02-13,194,7059,37,2052,157,5007,0,0,179,4795,15,1146,179,5941,California
Calaveras,2021-02-14,220,7279,71,2123,149,5156,0,0,206,4987,14,1160,206,6147,California
Calaveras,2021-02-15,383,7662,22,2145,361,5517,0,0,263,5133,117,1277,263,6410,California
Calaveras,2021-02-16,267,7929,143,2288,124,5641,0,0,231,5328,36,1313,231,6641,California
Calaveras,2021-02-17,508,8437,37,2325,471,6112,0,0,211,5250,290,1603,212,6853,California
Calaveras,2021-02-18,498,8935,91,2416,407,6519,0,0,99,4960,389,1992,99,6952,California
Calaveras,2021-02-19,439,9374,43,2459,396,6915,0,0,98,4727,331,2323,98,7050,California
Calaveras,2021-02-20,59,9433,15,2474,44,6959,0,0,48,4764,11,2334,48,7098,California
Calaveras,2021-02-21,22,9455,13,2487,9,6968,0,0,19,4780,3,2337,19,7117,California
Calaveras,2021-02-22,62,9517,38,2525,24,6992,0,0,33,4784,29,2366,33,7150,California
Calaveras,2021-02-23,125,9642,40,2565,85,7077,0,0,89,4838,36,2402,90,7240,California
Calaveras,2021-02-24,96,9738,47,2612,49,7126,0,0,66,4875,29,2431,66,7306,California
Calaveras,2021-02-25,548,10286,98,2710,450,7576,0,0,358,5046,187,2618,358,7664,California
Calaveras,2021-02-26,704,10990,46,2756,658,8234,0,0,368,5095,321,2939,370,8034,California
Calaveras,2021-02-27,202,11192,21,2777,181,8415,0,0,179,5251,23,2962,179,8213,California
Calaveras,2021-02-28,98,11290,15,2792,83,8498,0,0,93,5340,4,2966,93,8306,California
Calaveras,2021-03-01,226,11516,40,2832,186,8684,0,0,146,5408,79,3045,147,8453,California
Calaveras,2021-03-02,243,11759,91,2923,152,8836,0,0,201,5570,40,3085,202,8655,California
Calaveras,2021-03-03,510,12269,103,3026,407,9243,0,0,213,5490,293,3378,213,8868,California
Calaveras,2021-03-04,738,13007,64,3090,673,9916,1,1,349,5458,383,3761,351,9219,California
Calaveras,2021-03-05,456,13463,271,3361,181,10097,4,5,141,5291,312,4073,145,9364,California
Calaveras,2021-03-06,155,13618,42,3403,107,10204,6,11,122,5386,33,4106,128,9492,California
Calaveras,2021-03-07,75,13693,32,3435,36,10240,7,18,34,5386,41,4147,41,9533,California
Calaveras,2021-03-08,162,13855,26,3461,128,10368,8,26,128,5489,33,4180,136,9669,California
Calaveras,2021-03-09,360,14215,136,3597,218,10586,6,32,32,5202,325,4505,38,9707,California
Calaveras,2021-03-10,415,14630,27,3624,385,10971,3,35,57,4906,356,4861,60,9767,California
Calaveras,2021-03-11,844,15474,417,4041,414,11385,13,48,428,4933,414,5275,441,10208,California
Calaveras,2021-03-12,397,15871,210,4251,177,11562,10,58,326,5203,71,5346,341,10549,California
Calaveras,2021-03-13,178,16049,16,4267,154,11716,8,66,144,5324,33,5379,154,10703,California
Calaveras,2021-03-14,155,16204,10,4277,144,11860,1,67,17,5211,138,5517,25,10728,California
Calaveras,2021-03-15,331,16535,47,4324,258,12118,26,93,52,5015,278,5795,82,10810,California
Calaveras,2021-03-16,685,17220,550,4874,115,12233,20,113,545,5442,138,5933,565,11375,California
Calaveras,2021-03-17,279,17499,52,4926,213,12446,14,127,51,5282,226,6159,66,11441,California
Calaveras,2021-03-18,665,18164,570,5496,80,12526,15,142,550,5734,115,6274,567,12008,California
Calaveras,2021-03-19,231,18395,50,5546,107,12633,74,216,56,5692,171,6445,129,12137,California
Calaveras,2021-03-20,79,18474,20,5566,58,12691,1,217,23,5661,56,6501,25,12162,California
Calaveras,2021-03-21,48,18522,31,5597,6,12697,11,228,13,5650,35,6536,24,12186,California
Calaveras,2021-03-22,79,18601,36,5633,22,12719,21,249,25,5642,54,6590,46,12232,California
Calaveras,2021-03-23,292,18893,204,5837,78,12797,10,259,114,5596,170,6760,124,12356,California
Calaveras,2021-03-24,132,19025,50,5887,72,12869,10,269,43,5561,88,6848,53,12409,California
Calaveras,2021-03-25,738,19763,100,5987,635,13504,3,272,446,5721,289,7137,449,12858,California
Calaveras,2021-03-26,426,20189,28,6015,392,13896,6,278,89,5484,334,7471,97,12955,California
Calaveras,2021-03-27,212,20401,19,6034,189,14085,4,282,38,5357,171,7642,44,12999,California
Calaveras,2021-03-28,112,20513,12,6046,98,14183,2,284,8,5265,103,7745,11,13010,California
Calaveras,2021-03-29,175,20688,21,6067,151,14334,3,287,56,5208,117,7862,60,13070,California
Calaveras,2021-03-30,529,21217,21,6088,491,14825,17,304,354,5405,174,8036,371,13441,California
Calaveras,2021-03-31,321,21538,139,6227,172,14997,10,314,155,5405,166,8202,166,13607,California
Calaveras,2021-04-01,681,22219,439,6666,241,15238,1,315,186,5101,494,8696,190,13797,California
Calaveras,2021-04-02,393,22612,230,6896,155,15393,8,323,118,4955,273,8969,127,13924,California
Calaveras,2021-04-03,144,22756,32,6928,108,15501,4,327,40,4895,104,9073,44,13968,California
Calaveras,2021-04-04,78,22834,25,6953,53,15554,0,327,50,4917,28,9101,50,14018,California
Calaveras,2021-04-05,207,23041,77,7030,121,15675,9,336,97,4914,110,9211,107,14125,California
Calaveras,2021-04-06,646,23687,573,7603,60,15735,13,349,107,4498,536,9747,120,14245,California
Calaveras,2021-04-07,752,24439,654,8257,62,15797,36,385,615,5013,137,9884,652,14897,California
Calaveras,2021-04-08,941,25380,852,9109,68,15865,21,406,432,4961,507,10391,455,15352,California
Calaveras,2021-04-09,151,25531,58,9167,46,15911,47,453,55,4969,95,10486,103,15455,California
Calaveras,2021-04-10,187,25718,41,9208,128,16039,18,471,146,5093,41,10527,165,15620,California
Calaveras,2021-04-11,67,25785,43,9251,22,16061,2,473,46,5120,21,10548,48,15668,California
Calaveras,2021-04-12,104,25889,47,9298,38,16099,19,492,55,5146,49,10597,75,15743,California
Calaveras,2021-04-13,422,26311,367,9665,55,16154,0,492,364,5456,56,10653,366,16109,California
Calaveras,2021-04-14,180,26491,29,9694,151,16305,0,492,134,5545,46,10699,135,16244,California
Calaveras,2021-04-15,336,26827,287,9981,49,16354,0,492,253,5718,80,10779,253,16497,California
Calaveras,2021-04-16,98,26925,24,10005,74,16428,0,492,46,5716,48,10827,46,16543,California
Calaveras,2021-04-17,330,27255,128,10133,202,16630,0,492,288,5963,41,10868,288,16831,California
Calaveras,2021-04-18,18,27273,5,10138,13,16643,0,492,11,5967,7,10875,11,16842,California
Calaveras,2021-04-19,66,27339,24,10162,42,16685,0,492,40,5983,25,10900,41,16883,California
Calaveras,2021-04-20,258,27597,92,10254,166,16851,0,492,193,6113,63,10963,193,17076,California
Calaveras,2021-04-21,211,27808,143,10397,68,16919,0,492,86,6077,123,11086,87,17163,California
Calaveras,2021-04-22,540,28348,93,10490,447,17366,0,492,145,5831,394,11480,148,17311,California
Calaveras,2021-04-23,157,28505,80,10570,77,17443,0,492,64,5804,91,11571,64,17375,California
Calaveras,2021-04-24,169,28674,36,10606,133,17576,0,492,126,5889,42,11613,127,17502,California
Calaveras,2021-04-25,43,28717,28,10634,15,17591,0,492,22,5892,21,11634,24,17526,California
Calaveras,2021-04-26,94,28811,60,10694,34,17625,0,492,29,5857,65,11699,30,17556,California
Calaveras,2021-04-27,422,29233,57,10751,351,17976,14,506,65,5581,355,12054,79,17635,California
Calaveras,2021-04-28,533,29766,468,11219,37,18013,28,534,41,5169,492,12546,80,17715,California
Calaveras,2021-04-29,444,30210,380,11599,45,18058,19,553,40,4832,403,12949,66,17781,California
Calaveras,2021-04-30,70,30280,12,11611,53,18111,5,558,31,4829,39,12988,36,17817,California
Calaveras,2021-05-01,150,30430,77,11688,71,18182,2,560,118,4920,31,13019,122,17939,California
Calaveras,2021-05-02,10,30440,8,11696,1,18183,1,561,4,4920,5,13024,5,17944,California
Colusa,2020-12-18,1,1,1,1,0,0,0,0,1,1,0,0,1,1,California
Colusa,2020-12-21,2,3,2,3,0,0,0,0,2,3,0,0,2,3,California
Colusa,2020-12-22,10,13,10,13,0,0,0,0,10,13,0,0,10,13,California
Colusa,2020-12-23,10,23,10,23,0,0,0,0,10,23,0,0,10,23,California
Colusa,2020-12-24,2,25,1,24,1,1,0,0,2,25,0,0,2,25,California
Colusa,2020-12-27,1,26,1,25,0,1,0,0,1,26,0,0,1,26,California
Colusa,2020-12-28,7,33,3,28,4,5,0,0,7,33,0,0,7,33,California
Colusa,2020-12-29,11,44,8,36,3,8,0,0,11,44,0,0,11,44,California
Colusa,2020-12-30,50,94,13,49,37,45,0,0,50,94,0,0,50,94,California
Colusa,2020-12-31,18,112,1,50,17,62,0,0,18,112,0,0,18,112,California
Colusa,2021-01-04,4,116,0,50,4,66,0,0,4,116,0,0,4,116,California
Colusa,2021-01-05,67,183,1,51,66,132,0,0,67,183,0,0,67,183,California
Colusa,2021-01-06,15,198,9,60,6,138,0,0,15,198,0,0,15,198,California
Colusa,2021-01-07,38,236,4,64,34,172,0,0,37,234,1,1,37,235,California
Colusa,2021-01-08,9,245,7,71,2,174,0,0,8,241,1,2,8,243,California
Colusa,2021-01-09,2,247,1,72,1,175,0,0,2,243,0,2,2,245,California
Colusa,2021-01-10,1,248,0,72,1,176,0,0,1,244,0,2,1,246,California
Colusa,2021-01-11,12,260,6,78,6,182,0,0,7,246,5,7,7,253,California
Colusa,2021-01-12,11,271,9,87,2,184,0,0,6,247,5,12,6,259,California
Colusa,2021-01-13,21,292,13,100,8,192,0,0,13,252,8,20,13,272,California
Colusa,2021-01-14,35,327,28,128,7,199,0,0,33,283,2,22,33,305,California
Colusa,2021-01-15,41,368,5,133,36,235,0,0,39,320,2,24,39,344,California
Colusa,2021-01-16,12,380,1,134,11,246,0,0,11,330,1,25,11,355,California
Colusa,2021-01-17,3,383,2,136,1,247,0,0,2,331,1,26,2,357,California
Colusa,2021-01-18,4,387,0,136,4,251,0,0,4,335,0,26,4,361,California
Colusa,2021-01-19,9,396,8,144,1,252,0,0,5,336,4,30,5,366,California
Colusa,2021-01-20,115,511,101,245,14,266,0,0,102,425,13,43,102,468,California
Colusa,2021-01-21,56,567,41,286,15,281,0,0,55,479,1,44,55,523,California
Colusa,2021-01-22,40,607,17,303,23,304,0,0,35,509,5,49,35,558,California
Colusa,2021-01-23,35,642,6,309,29,333,0,0,35,544,0,49,35,593,California
Colusa,2021-01-25,7,649,0,309,7,340,0,0,7,551,0,49,7,600,California
Colusa,2021-01-26,8,657,5,314,3,343,0,0,5,553,3,52,5,605,California
Colusa,2021-01-27,109,766,31,345,78,421,0,0,107,658,2,54,107,712,California
Colusa,2021-01-28,79,845,46,391,33,454,0,0,72,723,7,61,72,784,California
Colusa,2021-01-29,41,886,7,398,34,488,0,0,40,762,1,62,40,824,California
Colusa,2021-01-30,27,913,4,402,23,511,0,0,27,789,0,62,27,851,California
Colusa,2021-01-31,7,920,7,409,0,511,0,0,7,796,0,62,7,858,California
Colusa,2021-02-01,27,947,10,419,17,528,0,0,22,813,5,67,22,880,California
Colusa,2021-02-02,42,989,8,427,34,562,0,0,36,843,6,73,36,916,California
Colusa,2021-02-03,69,1058,10,437,59,621,0,0,59,892,10,83,59,975,California
Colusa,2021-02-04,143,1201,81,518,62,683,0,0,115,979,28,111,115,1090,California
Colusa,2021-02-05,32,1233,8,526,24,707,0,0,29,1005,3,114,29,1119,California
Colusa,2021-02-06,284,1517,8,534,276,983,0,0,273,1267,11,125,273,1392,California
Colusa,2021-02-07,2,1519,1,535,1,984,0,0,0,1265,2,127,0,1392,California
Colusa,2021-02-08,40,1559,5,540,35,1019,0,0,37,1299,3,130,37,1429,California
Colusa,2021-02-09,231,1790,14,554,217,1236,0,0,176,1420,55,185,176,1605,California
Colusa,2021-02-10,116,1906,41,595,75,1311,0,0,73,1450,43,228,73,1678,California
Colusa,2021-02-11,97,2003,36,631,61,1372,0,0,72,1497,25,253,72,1750,California
Colusa,2021-02-12,117,2120,9,640,108,1480,0,0,79,1537,39,292,79,1829,California
Colusa,2021-02-13,60,2180,8,648,52,1532,0,0,52,1581,8,300,52,1881,California
Colusa,2021-02-14,20,2200,8,656,12,1544,0,0,14,1589,6,306,14,1895,California
Colusa,2021-02-15,45,2245,10,666,35,1579,0,0,38,1620,7,313,38,1933,California
Colusa,2021-02-16,67,2312,4,670,63,1642,0,0,66,1685,1,314,66,1999,California
Colusa,2021-02-17,206,2518,143,813,63,1705,0,0,60,1599,146,460,60,2059,California
Colusa,2021-02-18,135,2653,35,848,100,1805,0,0,112,1688,23,483,112,2171,California
Colusa,2021-02-19,155,2808,19,867,136,1941,0,0,129,1791,26,509,129,2300,California
Colusa,2021-02-20,28,2836,6,873,22,1963,0,0,12,1787,16,525,12,2312,California
Colusa,2021-02-21,1,2837,1,874,0,1963,0,0,0,1786,1,526,0,2312,California
Colusa,2021-02-22,43,2880,26,900,17,1980,0,0,29,1801,14,540,29,2341,California
Colusa,2021-02-23,22,2902,6,906,16,1996,0,0,18,1815,4,544,18,2359,California
Colusa,2021-02-24,300,3202,54,960,246,2242,0,0,158,1831,142,686,158,2517,California
Colusa,2021-02-25,102,3304,55,1015,47,2289,0,0,66,1861,36,722,66,2583,California
Colusa,2021-02-26,98,3402,13,1028,85,2374,0,0,59,1881,39,761,59,2642,California
Colusa,2021-02-27,55,3457,4,1032,51,2425,0,0,40,1906,15,776,40,2682,California
Colusa,2021-02-28,26,3483,14,1046,12,2437,0,0,18,1916,8,784,18,2700,California
Colusa,2021-03-01,46,3529,15,1061,31,2468,0,0,29,1928,17,801,29,2729,California
Colusa,2021-03-02,49,3578,13,1074,36,2504,0,0,26,1931,23,824,26,2755,California
Colusa,2021-03-03,242,3820,43,1117,199,2703,0,0,185,2059,57,881,185,2940,California
Colusa,2021-03-04,138,3958,58,1175,80,2783,0,0,80,2081,58,939,80,3020,California
Colusa,2021-03-05,98,4056,25,1200,64,2847,9,9,53,2098,45,984,62,3082,California
Colusa,2021-03-06,274,4330,9,1209,265,3112,0,9,37,1898,237,1221,37,3119,California
Colusa,2021-03-07,8,4338,5,1214,3,3115,0,9,6,1902,2,1223,6,3125,California
Colusa,2021-03-08,88,4426,20,1234,33,3148,35,44,44,1937,44,1267,79,3204,California
Colusa,2021-03-09,272,4698,70,1304,179,3327,23,67,83,1854,189,1456,106,3310,California
Colusa,2021-03-10,287,4985,35,1339,216,3543,36,103,201,2005,86,1542,237,3547,California
Colusa,2021-03-11,419,5404,59,1398,339,3882,21,124,338,2281,81,1623,357,3904,California
Colusa,2021-03-12,109,5513,18,1416,78,3960,13,137,19,2223,90,1713,32,3936,California
Colusa,2021-03-13,61,5574,16,1432,36,3996,9,146,18,2207,43,1756,27,3963,California
Colusa,2021-03-14,20,5594,0,1432,18,4014,2,148,6,2202,13,1769,8,3971,California
Colusa,2021-03-15,69,5663,26,1458,35,4049,8,156,14,2169,55,1824,22,3993,California
Colusa,2021-03-16,295,5958,15,1473,234,4283,46,202,188,2296,107,1931,234,4227,California
Colusa,2021-03-17,195,6153,49,1522,146,4429,0,202,111,2323,84,2015,111,4338,California
Colusa,2021-03-18,319,6472,33,1555,216,4645,70,272,197,2468,122,2137,267,4605,California
Colusa,2021-03-19,78,6550,20,1575,56,4701,2,274,54,2500,24,2161,56,4661,California
Colusa,2021-03-20,49,6599,7,1582,41,4742,1,275,36,2524,13,2174,37,4698,California
Colusa,2021-03-21,6,6605,4,1586,2,4744,0,275,4,2526,2,2176,4,4702,California
Colusa,2021-03-22,62,6667,10,1596,43,4787,9,284,40,2553,22,2198,49,4751,California
Colusa,2021-03-23,81,6748,16,1612,63,4850,2,286,54,2582,27,2225,56,4807,California
Colusa,2021-03-24,337,7085,57,1669,274,5124,6,292,69,2388,268,2493,74,4881,California
Colusa,2021-03-25,109,7194,60,1729,44,5168,5,297,52,2388,57,2550,57,4938,California
Colusa,2021-03-26,298,7492,47,1776,247,5415,4,301,245,2584,53,2603,249,5187,California
Colusa,2021-03-27,63,7555,5,1781,58,5473,0,301,25,2571,38,2641,25,5212,California
Colusa,2021-03-28,15,7570,6,1787,9,5482,0,301,7,2570,8,2649,7,5219,California
Colusa,2021-03-29,69,7639,19,1806,44,5526,6,307,30,2567,39,2688,36,5255,California
Colusa,2021-03-30,147,7786,78,1884,67,5593,2,309,75,2572,72,2760,77,5332,California
Colusa,2021-03-31,235,8021,42,1926,193,5786,0,309,75,2489,158,2918,75,5407,California
Colusa,2021-04-01,426,8447,67,1993,304,6090,55,364,303,2724,122,3040,357,5764,California
Colusa,2021-04-02,81,8528,12,2005,55,6145,14,378,37,2731,44,3084,51,5815,California
Colusa,2021-04-03,62,8590,10,2015,29,6174,23,401,14,2720,48,3132,37,5852,California
Colusa,2021-04-04,18,8608,0,2015,8,6182,10,411,3,2718,15,3147,13,5865,California
Colusa,2021-04-05,95,8703,25,2040,55,6237,15,426,39,2716,56,3203,54,5919,California
Colusa,2021-04-06,128,8831,33,2073,45,6282,50,476,43,2724,85,3288,93,6012,California
Colusa,2021-04-07,357,9188,40,2113,294,6576,23,499,133,2657,224,3512,157,6169,California
Colusa,2021-04-08,426,9614,33,2146,366,6942,27,526,121,2503,302,3814,148,6317,California
Colusa,2021-04-09,76,9690,21,2167,32,6974,23,549,28,2506,48,3862,51,6368,California
Colusa,2021-04-10,45,9735,9,2176,16,6990,20,569,13,2507,32,3894,33,6401,California
Colusa,2021-04-11,15,9750,2,2178,11,7001,2,571,7,2508,8,3902,9,6410,California
Colusa,2021-04-12,31,9781,3,2181,28,7029,0,571,24,2525,7,3909,24,6434,California
Colusa,2021-04-13,278,10059,23,2204,255,7284,0,571,94,2436,183,4092,94,6528,California
Colusa,2021-04-14,94,10153,19,2223,75,7359,0,571,33,2408,61,4153,33,6561,California
Colusa,2021-04-15,318,10471,42,2265,276,7635,0,571,130,2350,188,4341,130,6691,California
Colusa,2021-04-16,80,10551,11,2276,69,7704,0,571,36,2343,43,4384,36,6727,California
Colusa,2021-04-17,53,10604,7,2283,46,7750,0,571,31,2352,22,4406,31,6758,California
Colusa,2021-04-18,9,10613,2,2285,7,7757,0,571,7,2357,2,4408,7,6765,California
Colusa,2021-04-19,61,10674,22,2307,39,7796,0,571,17,2330,44,4452,17,6782,California
Colusa,2021-04-20,176,10850,32,2339,144,7940,0,571,128,2410,48,4500,128,6910,California
Colusa,2021-04-21,170,11020,59,2398,111,8051,0,571,110,2460,60,4560,110,7020,California
Colusa,2021-04-22,416,11436,25,2423,390,8441,1,572,213,2471,202,4762,213,7233,California
Colusa,2021-04-23,90,11526,17,2440,73,8514,0,572,36,2453,54,4816,36,7269,California
Colusa,2021-04-24,237,11763,19,2459,217,8731,1,573,204,2625,33,4849,205,7474,California
Colusa,2021-04-25,11,11774,5,2464,6,8737,0,573,8,2630,3,4852,8,7482,California
Colusa,2021-04-26,22,11796,4,2468,17,8754,1,574,7,2623,14,4866,7,7489,California
Colusa,2021-04-27,92,11888,21,2489,67,8821,4,578,43,2621,49,4915,47,7536,California
Colusa,2021-04-28,172,12060,27,2516,142,8963,3,581,124,2701,47,4962,127,7663,California
Colusa,2021-04-29,262,12322,6,2522,252,9215,4,585,31,2514,230,5192,43,7706,California
Colusa,2021-04-30,45,12367,10,2532,35,9250,0,585,24,2517,21,5213,24,7730,California
Colusa,2021-05-01,12,12379,2,2534,7,9257,3,588,4,2516,8,5221,7,7737,California
Colusa,2021-05-02,3,12382,0,2534,2,9259,1,589,2,2518,1,5222,3,7740,California
Contra Costa,2020-12-15,18,18,18,18,0,0,0,0,18,18,0,0,18,18,California
Contra Costa,2020-12-16,523,541,523,541,0,0,0,0,523,541,0,0,523,541,California
Contra Costa,2020-12-17,908,1449,908,1449,0,0,0,0,908,1449,0,0,908,1449,California
Contra Costa,2020-12-18,1590,3039,1589,3038,1,1,0,0,1590,3039,0,0,1590,3039,California
Contra Costa,2020-12-19,1101,4140,1100,4138,1,2,0,0,1101,4140,0,0,1101,4140,California
Contra Costa,2020-12-20,584,4724,583,4721,1,3,0,0,584,4724,0,0,584,4724,California
Contra Costa,2020-12-21,1652,6376,1650,6371,2,5,0,0,1652,6376,0,0,1652,6376,California
Contra Costa,2020-12-22,1664,8040,1560,7931,104,109,0,0,1664,8040,0,0,1664,8040,California
Contra Costa,2020-12-23,1587,9627,1339,9270,248,357,0,0,1587,9627,0,0,1587,9627,California
Contra Costa,2020-12-24,654,10281,336,9606,318,675,0,0,654,10281,0,0,654,10281,California
Contra Costa,2020-12-25,39,10320,17,9623,22,697,0,0,39,10320,0,0,39,10320,California
Contra Costa,2020-12-26,641,10961,131,9754,510,1207,0,0,641,10961,0,0,641,10961,California
Contra Costa,2020-12-27,240,11201,87,9841,153,1360,0,0,240,11201,0,0,240,11201,California
Contra Costa,2020-12-28,1829,13030,860,10701,969,2329,0,0,1829,13030,0,0,1829,13030,California
Contra Costa,2020-12-29,1828,14858,824,11525,1004,3333,0,0,1828,14858,0,0,1828,14858,California
Contra Costa,2020-12-30,2394,17252,1216,12741,1178,4511,0,0,2393,17251,0,0,2393,17251,California
Contra Costa,2020-12-31,914,18166,308,13049,606,5117,0,0,913,18164,0,0,913,18164,California
Contra Costa,2021-01-01,60,18226,23,13072,37,5154,0,0,60,18224,0,0,60,18224,California
Contra Costa,2021-01-02,334,18560,173,13245,161,5315,0,0,334,18558,0,0,334,18558,California
Contra Costa,2021-01-03,175,18735,117,13362,58,5373,0,0,174,18732,0,0,174,18732,California
Contra Costa,2021-01-04,1906,20641,1253,14615,653,6026,0,0,1884,20596,20,20,1884,20616,California
Contra Costa,2021-01-05,2103,22744,1258,15873,845,6871,0,0,1844,22183,258,278,1845,22461,California
Contra Costa,2021-01-06,3275,26019,2242,18115,1033,7904,0,0,2514,23945,755,1033,2517,24978,California
Contra Costa,2021-01-07,3092,29111,2058,20173,1034,8938,0,0,1882,24620,1207,2240,1882,26860,California
Contra Costa,2021-01-08,3382,32493,2390,22563,992,9930,0,0,1821,24888,1556,3796,1824,28684,California
Contra Costa,2021-01-09,1584,34077,1132,23695,452,10382,0,0,748,24803,835,4631,750,29434,California
Contra Costa,2021-01-10,360,34437,286,23981,74,10456,0,0,151,24745,209,4840,151,29585,California
Contra Costa,2021-01-11,3837,38274,3145,27126,692,11148,0,0,2233,25377,1604,6444,2236,31821,California
Contra Costa,2021-01-12,3903,42177,2927,30053,976,12124,0,0,2579,26634,1324,7768,2581,34402,California
Contra Costa,2021-01-13,4676,46853,2887,32940,1789,13913,0,0,3738,29439,934,8702,3739,38141,California
Contra Costa,2021-01-14,4305,51158,1553,34493,2752,16665,0,0,3923,32980,382,9084,3923,42064,California
Contra Costa,2021-01-15,5335,56493,2459,36952,2876,19541,0,0,5012,37674,322,9406,5016,47080,California
Contra Costa,2021-01-16,1718,58211,552,37504,1166,20707,0,0,1643,39242,75,9481,1643,48723,California
Contra Costa,2021-01-17,1634,59845,974,38478,660,21367,0,0,1511,40633,123,9604,1514,50237,California
Contra Costa,2021-01-18,3197,63042,1255,39733,1942,23309,0,0,2574,42591,617,10221,2575,52812,California
Contra Costa,2021-01-19,7067,70109,3160,42893,3907,27216,0,0,6062,47656,1002,11223,6067,58879,California
Contra Costa,2021-01-20,6614,76723,4056,46949,2558,29774,0,0,5381,51813,1229,12452,5386,64265,California
Contra Costa,2021-01-21,6964,83687,3102,50051,3862,33636,0,0,6240,57342,719,13171,6248,70513,California
Contra Costa,2021-01-22,6363,90050,2700,52751,3663,37299,0,0,5506,62003,848,14019,5509,76022,California
Contra Costa,2021-01-23,2023,92073,358,53109,1665,38964,0,0,1765,63514,256,14275,1767,77789,California
Contra Costa,2021-01-24,1581,93654,219,53328,1362,40326,0,0,1436,64809,145,14420,1440,79229,California
Contra Costa,2021-01-25,6650,100304,3018,56346,3632,43958,0,0,5087,68338,1561,15981,5090,84319,California
Contra Costa,2021-01-26,8080,108384,4679,61025,3401,47359,0,0,6241,72752,1831,17812,6245,90564,California
Contra Costa,2021-01-27,8239,116623,5499,66524,2740,50099,0,0,6341,77280,1817,19629,6345,96909,California
Contra Costa,2021-01-28,7439,124062,4081,70605,3358,53457,0,0,5837,81525,1596,21225,5841,102750,California
Contra Costa,2021-01-29,7440,131502,3890,74495,3550,57007,0,0,6130,86351,1306,22531,6132,108882,California
Contra Costa,2021-01-30,2082,133584,596,75091,1486,58493,0,0,1716,87708,359,22890,1716,110598,California
Contra Costa,2021-01-31,699,134283,480,75571,219,58712,0,0,573,88158,123,23013,573,111171,California
Contra Costa,2021-02-01,5522,139805,3762,79333,1760,60472,0,0,3890,90424,1627,24640,3893,115064,California
Contra Costa,2021-02-02,7756,147561,5270,84603,2486,62958,0,0,5904,94479,1850,26490,5905,120969,California
Contra Costa,2021-02-03,8267,155828,5457,90060,2810,65768,0,0,5630,97484,2626,29116,5631,126600,California
Contra Costa,2021-02-04,7439,163267,3534,93594,3905,69673,0,0,5716,101483,1719,30835,5718,132318,California
Contra Costa,2021-02-05,8423,171690,4818,98412,3605,73278,0,0,5715,104497,2701,33536,5715,138033,California
Contra Costa,2021-02-06,3469,175159,2154,100566,1315,74593,0,0,2817,106664,651,34187,2818,140851,California
Contra Costa,2021-02-07,981,176140,710,101276,271,74864,0,0,605,106894,375,34562,605,141456,California
Contra Costa,2021-02-08,5807,181947,3438,104714,2369,77233,0,0,4329,109751,1473,36035,4330,145786,California
Contra Costa,2021-02-09,8646,190593,4764,109478,3882,81115,0,0,5761,112633,2880,38915,5762,151548,California
Contra Costa,2021-02-10,8630,199223,4649,114127,3981,85096,0,0,5403,114828,3212,42127,5407,156955,California
Contra Costa,2021-02-11,9306,208529,4212,118339,5094,90190,0,0,5269,116071,4031,46158,5274,162229,California
Contra Costa,2021-02-12,10067,218596,4609,122948,5458,95648,0,0,5457,116928,4603,50761,5460,167689,California
Contra Costa,2021-02-13,4877,223473,1365,124313,3512,99160,0,0,3406,118867,1468,52229,3407,171096,California
Contra Costa,2021-02-14,2086,225559,864,125177,1222,100382,0,0,1224,119231,860,53089,1224,172320,California
Contra Costa,2021-02-15,4446,230005,2463,127640,1983,102365,0,0,2348,119489,2091,55180,2349,174669,California
Contra Costa,2021-02-16,10412,240417,4906,132546,5506,107871,0,0,4636,118360,5769,60949,4640,179309,California
Contra Costa,2021-02-17,12272,252689,6127,138673,6145,114016,0,0,5623,117350,6634,67583,5624,184933,California
Contra Costa,2021-02-18,11458,264147,5957,144630,5501,119517,0,0,5319,116543,6128,73711,5321,190254,California
Contra Costa,2021-02-19,11400,275547,7104,151734,4296,123813,0,0,5172,115503,6213,79924,5173,195427,California
Contra Costa,2021-02-20,6440,281987,2888,154622,3552,127365,0,0,4565,118211,1859,81783,4567,199994,California
Contra Costa,2021-02-21,1801,283788,1255,155877,546,127911,0,0,1088,118587,712,82495,1088,201082,California
Contra Costa,2021-02-22,7532,291320,5098,160975,2434,130345,0,0,3463,117995,4057,86552,3465,204547,California
Contra Costa,2021-02-23,11896,303216,7247,168222,4649,134994,0,0,5921,117959,5961,92513,5925,210472,California
Contra Costa,2021-02-24,10472,313688,7675,175897,2797,137791,0,0,5047,117599,5409,97922,5049,215521,California
Contra Costa,2021-02-25,11458,325146,7205,183102,4253,142044,0,0,5200,116565,6238,104160,5204,220725,California
Contra Costa,2021-02-26,10692,335838,6741,189843,3951,145995,0,0,5299,116487,5378,109538,5300,226025,California
Contra Costa,2021-02-27,6617,342455,4205,194048,2412,148407,0,0,4106,118089,2505,112043,4107,230132,California
Contra Costa,2021-02-28,3787,346242,3118,197166,669,149076,0,0,3190,120686,594,112637,3191,233323,California
Contra Costa,2021-03-01,8086,354328,6075,203241,2008,151084,3,3,4965,122550,3106,115743,4970,238293,California
Contra Costa,2021-03-02,10136,364464,6315,209556,3820,154904,1,4,5251,122933,4869,120612,5252,243545,California
Contra Costa,2021-03-03,11149,375613,6973,216529,4175,159079,1,5,6238,124276,4897,125509,6240,249785,California
Contra Costa,2021-03-04,11865,387478,7083,223612,4782,163861,0,5,6143,124716,5703,131212,6143,255928,California
Contra Costa,2021-03-05,11226,398704,6667,230279,4554,168415,5,10,6392,126294,4819,136031,6397,262325,California
Contra Costa,2021-03-06,7293,405997,4007,234286,2976,171391,310,320,4712,128745,2569,138600,5020,267345,California
Contra Costa,2021-03-07,3621,409618,2269,236555,1292,172683,60,380,2949,131083,671,139271,3009,270354,California
Contra Costa,2021-03-08,8045,417663,3755,240310,3987,176670,303,683,5366,134088,2668,141939,5673,276027,California
Contra Costa,2021-03-09,10183,427846,5001,245311,4888,181558,294,977,5032,134271,5144,147083,5327,281354,California
Contra Costa,2021-03-10,12123,439969,5959,251270,4669,186227,1495,2472,5469,134581,6645,153728,6955,288309,California
Contra Costa,2021-03-11,12457,452426,6560,257830,5337,191564,560,3032,6357,135419,6079,159807,6917,295226,California
Contra Costa,2021-03-12,12530,464956,5143,262973,6843,198407,544,3576,6260,135967,6254,166061,6802,302028,California
Contra Costa,2021-03-13,7757,472713,3072,266045,4261,202668,424,4000,3076,134797,4664,170725,3494,305522,California
Contra Costa,2021-03-14,4345,477058,2544,268589,1318,203986,483,4483,2073,135087,2265,172990,2555,308077,California
Contra Costa,2021-03-15,9368,486426,5052,273641,3564,207550,752,5235,4747,135981,4605,177595,5499,313576,California
Contra Costa,2021-03-16,14249,500675,8462,282103,5391,212941,396,5631,7267,136682,6962,184557,7663,321239,California
Contra Costa,2021-03-17,14970,515645,10332,292435,4427,217368,211,5842,8565,139079,6384,190941,8781,330020,California
Contra Costa,2021-03-18,15352,530997,8526,300961,6346,223714,480,6322,8782,141796,6543,197484,9260,339280,California
Contra Costa,2021-03-19,15481,546478,8885,309846,5206,228920,1390,7712,8293,144308,7176,204660,9688,348968,California
Contra Costa,2021-03-20,10606,557084,6328,316174,3975,232895,303,8015,5237,144496,5353,210013,5541,354509,California
Contra Costa,2021-03-21,4438,561522,3887,320061,464,233359,87,8102,2085,144321,2346,212359,2171,356680,California
Contra Costa,2021-03-22,11515,573037,8682,328743,2583,235942,250,8352,7082,147231,4421,216780,7331,364011,California
Contra Costa,2021-03-23,15577,588614,10732,339475,4675,240617,170,8522,9496,150845,6055,222835,9669,373680,California
Contra Costa,2021-03-24,14948,603562,11675,351150,3061,243678,212,8734,9190,154522,5726,228561,9403,383083,California
Contra Costa,2021-03-25,15241,618803,11874,363024,3082,246760,285,9019,9415,158431,5789,234350,9698,392781,California
Contra Costa,2021-03-26,14918,633721,10687,373711,3836,250596,395,9414,8808,161543,6087,240437,9199,401980,California
Contra Costa,2021-03-27,10417,644138,6741,380452,3166,253762,510,9924,5772,163183,4635,245072,6275,408255,California
Contra Costa,2021-03-28,4120,648258,2917,383369,1150,254912,53,9977,1765,162656,2345,247417,1818,410073,California
Contra Costa,2021-03-29,10810,659068,8438,391807,2257,257169,115,10092,7070,166117,3726,251143,7187,417260,California
Contra Costa,2021-03-30,16703,675771,9104,400911,6247,263416,1352,11444,11029,172839,5659,256802,12381,429641,California
Contra Costa,2021-03-31,17920,693691,12546,413457,3935,267351,1439,12883,11517,179424,6372,263174,12957,442598,California
Contra Costa,2021-04-01,17392,711083,12179,425636,3852,271203,1361,14244,11332,186078,6037,269211,12691,455289,California
Contra Costa,2021-04-02,17356,728439,12812,438448,3537,274740,1007,15251,11541,192819,5805,275016,12546,467835,California
Contra Costa,2021-04-03,10764,739203,6414,444862,2817,277557,1533,16784,6177,195955,4574,279590,7710,475545,California
Contra Costa,2021-04-04,3316,742519,1308,446170,1414,278971,594,17378,892,195022,2419,282009,1486,477031,California
Contra Costa,2021-04-05,12012,754531,7841,454011,3209,282180,962,18340,6575,197131,5428,287437,7537,484568,California
Contra Costa,2021-04-06,17257,771788,11983,465994,3001,285181,2273,20613,9749,201663,7489,294926,12021,496589,California
Contra Costa,2021-04-07,18448,790236,12495,478489,3159,288340,2794,23407,10483,207032,7946,302872,13315,509904,California
Contra Costa,2021-04-08,18635,808871,12449,490938,3283,291623,2903,26310,10040,211391,8571,311443,12930,522834,California
Contra Costa,2021-04-09,18678,827549,11957,502895,4251,295874,2470,28780,10006,215218,8648,320091,12475,535309,California
Contra Costa,2021-04-10,10499,838048,3813,506708,2147,298021,4539,33319,3297,215855,7188,327279,7825,543134,California
Contra Costa,2021-04-11,3322,841370,1990,508698,682,298703,650,33969,1130,215450,2187,329466,1782,544916,California
Contra Costa,2021-04-12,11846,853216,7851,516549,2961,301664,1034,35003,5602,215859,6231,335697,6640,551556,California
Contra Costa,2021-04-13,17792,871008,10882,527431,6905,308569,5,35008,11893,221885,5878,341575,11904,563460,California
Contra Costa,2021-04-14,17510,888518,10981,538412,6528,315097,1,35009,9700,223799,7790,349365,9704,573164,California
Contra Costa,2021-04-15,17404,905922,10676,549088,6727,321824,1,35010,8082,222607,9293,358658,8101,581265,California
Contra Costa,2021-04-16,16841,922763,10514,559602,6326,328150,1,35011,7606,221009,9210,367868,7612,588877,California
Contra Costa,2021-04-17,11378,934141,6260,565862,5118,333268,0,35011,6110,221870,5254,373122,6115,594992,California
Contra Costa,2021-04-18,2729,936870,2110,567972,619,333887,0,35011,1780,222708,942,374064,1780,596772,California
Contra Costa,2021-04-19,11313,948183,8462,576434,2851,336738,0,35011,3547,218514,7743,381807,3549,600321,California
Contra Costa,2021-04-20,16608,964791,10790,587224,5818,342556,0,35011,6250,214435,10333,392140,6254,606575,California
Contra Costa,2021-04-21,17271,982062,14100,601324,3171,345727,0,35011,6157,209521,11079,403219,6165,612740,California
Contra Costa,2021-04-22,17105,999167,13864,615188,3240,348967,1,35012,6063,204583,11012,414231,6074,618814,California
Contra Costa,2021-04-23,16917,1016084,13460,628648,3457,352424,0,35012,5461,198629,11422,425653,5468,624282,California
Contra Costa,2021-04-24,10857,1026941,8397,637045,2460,354884,0,35012,4143,196083,6693,432346,4147,628429,California
Contra Costa,2021-04-25,3203,1030144,2153,639198,1048,355932,2,35014,2013,196915,1186,433532,2018,630447,California
Contra Costa,2021-04-26,9511,1039655,8066,647264,1421,357353,24,35038,2782,193017,6714,440246,2816,633263,California
Contra Costa,2021-04-27,14114,1053769,10416,657680,3549,360902,149,35187,3788,186656,10308,450554,3947,637210,California
Contra Costa,2021-04-28,13599,1067368,10638,668318,2694,363596,267,35454,3354,180069,10212,460766,3625,640835,California
Contra Costa,2021-04-29,11076,1078444,8477,676795,2446,366042,153,35607,2333,173837,8721,469487,2489,643324,California
Contra Costa,2021-04-30,11370,1089814,9330,686125,1920,367962,120,35727,2321,167253,9030,478517,2446,645770,California
Contra Costa,2021-05-01,6835,1096649,5070,691195,1567,369529,198,35925,1425,163480,5398,483915,1625,647395,California
Contra Costa,2021-05-02,1565,1098214,1059,692254,498,370027,8,35933,732,163395,825,484740,740,648135,California
Del Norte,2020-12-21,23,23,23,23,0,0,0,0,23,23,0,0,23,23,California
Del Norte,2020-12-22,46,69,46,69,0,0,0,0,46,69,0,0,46,69,California
Del Norte,2020-12-23,58,127,48,117,10,10,0,0,57,126,0,0,57,126,California
Del Norte,2020-12-28,34,161,34,151,0,10,0,0,34,160,0,0,34,160,California
Del Norte,2020-12-29,4,165,4,155,0,10,0,0,4,164,0,0,4,164,California
Del Norte,2020-12-30,67,232,55,210,12,22,0,0,68,232,0,0,68,232,California
Del Norte,2020-12-31,16,248,13,223,3,25,0,0,16,248,0,0,16,248,California
Del Norte,2021-01-04,102,350,49,272,53,78,0,0,102,350,0,0,102,350,California
Del Norte,2021-01-05,32,382,0,272,32,110,0,0,32,382,0,0,32,382,California
Del Norte,2021-01-06,77,459,18,290,59,169,0,0,77,459,0,0,77,459,California
Del Norte,2021-01-07,21,480,1,291,20,189,0,0,21,480,0,0,21,480,California
Del Norte,2021-01-08,78,558,7,298,71,260,0,0,78,558,0,0,78,558,California
Del Norte,2021-01-11,40,598,21,319,19,279,0,0,18,555,22,22,19,577,California
Del Norte,2021-01-12,51,649,32,351,19,298,0,0,30,564,21,43,30,607,California
Del Norte,2021-01-13,85,734,40,391,45,343,0,0,52,583,33,76,52,659,California
Del Norte,2021-01-14,52,786,14,405,38,381,0,0,46,623,6,82,46,705,California
Del Norte,2021-01-15,107,893,18,423,89,470,0,0,95,706,12,94,95,800,California
Del Norte,2021-01-17,1,894,1,424,0,470,0,0,1,707,0,94,1,801,California
Del Norte,2021-01-18,2,896,0,424,2,472,0,0,2,709,0,94,2,803,California
Del Norte,2021-01-19,119,1015,56,480,63,535,0,0,77,744,42,136,77,880,California
Del Norte,2021-01-20,158,1173,84,564,74,609,0,0,96,778,62,198,96,976,California
Del Norte,2021-01-21,43,1216,40,604,3,612,0,0,32,799,11,209,32,1008,California
Del Norte,2021-01-22,20,1236,17,621,3,615,0,0,13,805,7,216,13,1021,California
Del Norte,2021-01-23,1,1237,0,621,1,616,0,0,1,806,0,216,1,1022,California
Del Norte,2021-01-24,1,1238,0,621,1,617,0,0,1,807,0,216,1,1023,California
Del Norte,2021-01-25,100,1338,82,703,18,635,0,0,56,819,44,260,56,1079,California
Del Norte,2021-01-26,18,1356,11,714,7,642,0,0,7,815,11,271,7,1086,California
Del Norte,2021-01-27,64,1420,21,735,43,685,0,0,61,873,3,274,61,1147,California
Del Norte,2021-01-28,291,1711,20,755,271,956,0,0,286,1154,5,279,286,1433,California
Del Norte,2021-01-29,54,1765,21,776,33,989,0,0,44,1188,10,289,44,1477,California
Del Norte,2021-01-30,8,1773,1,777,7,996,0,0,8,1196,0,289,8,1485,California
Del Norte,2021-02-01,41,1814,1,778,40,1036,0,0,26,1207,15,304,26,1511,California
Del Norte,2021-02-02,142,1956,34,812,108,1144,0,0,73,1212,68,372,73,1584,California
Del Norte,2021-02-03,126,2082,40,852,86,1230,0,0,71,1228,55,427,71,1655,California
Del Norte,2021-02-04,71,2153,29,881,42,1272,0,0,42,1241,29,456,42,1697,California
Del Norte,2021-02-05,184,2337,22,903,162,1434,0,0,119,1296,64,520,119,1816,California
Del Norte,2021-02-06,312,2649,6,909,306,1740,0,0,312,1608,0,520,312,2128,California
Del Norte,2021-02-07,2,2651,1,910,1,1741,0,0,2,1610,0,520,2,2130,California
Del Norte,2021-02-08,36,2687,1,911,35,1776,0,0,32,1638,4,524,32,2162,California
Del Norte,2021-02-09,8,2695,5,916,3,1779,0,0,2,1634,6,530,2,2164,California
Del Norte,2021-02-10,143,2838,20,936,123,1902,0,0,86,1664,56,586,86,2250,California
Del Norte,2021-02-11,176,3014,59,995,117,2019,0,0,64,1616,112,698,64,2314,California
Del Norte,2021-02-12,121,3135,14,1009,107,2126,0,0,67,1629,54,752,67,2381,California
Del Norte,2021-02-13,2,3137,1,1010,1,2127,0,0,2,1631,0,752,2,2383,California
Del Norte,2021-02-14,3,3140,1,1011,2,2129,0,0,2,1632,1,753,2,2385,California
Del Norte,2021-02-15,4,3144,0,1011,4,2133,0,0,2,1632,2,755,2,2387,California
Del Norte,2021-02-16,132,3276,1,1012,131,2264,0,0,13,1526,119,874,13,2400,California
Del Norte,2021-02-17,91,3367,20,1032,71,2335,0,0,24,1483,67,941,24,2424,California
Del Norte,2021-02-18,77,3444,24,1056,53,2388,0,0,51,1508,26,967,51,2475,California
Del Norte,2021-02-19,43,3487,17,1073,26,2414,0,0,33,1531,10,977,33,2508,California
Del Norte,2021-02-20,8,3495,5,1078,3,2417,0,0,6,1535,2,979,6,2514,California
Del Norte,2021-02-22,2,3497,0,1078,2,2419,0,0,2,1537,0,979,2,2516,California
Del Norte,2021-02-23,107,3604,89,1167,18,2437,0,0,31,1493,76,1055,32,2548,California
Del Norte,2021-02-24,152,3756,98,1265,54,2491,0,0,79,1499,73,1128,79,2627,California
Del Norte,2021-02-25,475,4231,131,1396,344,2835,0,0,212,1450,261,1389,212,2839,California
Del Norte,2021-02-26,212,4443,176,1572,36,2871,0,0,166,1570,46,1435,166,3005,California
Del Norte,2021-02-27,152,4595,145,1717,6,2877,1,1,141,1701,11,1446,142,3147,California
Del Norte,2021-02-28,4,4599,1,1718,3,2880,0,1,3,1703,1,1447,3,3150,California
Del Norte,2021-03-01,28,4627,2,1720,26,2906,0,1,4,1683,24,1471,4,3154,California
Del Norte,2021-03-02,220,4847,141,1861,79,2985,0,1,187,1837,33,1504,187,3341,California
Del Norte,2021-03-03,167,5014,99,1960,68,3053,0,1,126,1922,41,1545,126,3467,California
Del Norte,2021-03-04,120,5134,83,2043,37,3090,0,1,91,1985,28,1573,91,3558,California
Del Norte,2021-03-05,119,5253,9,2052,110,3200,0,1,71,2008,48,1621,71,3629,California
Del Norte,2021-03-06,466,5719,78,2130,338,3538,50,51,164,1877,302,1923,171,3800,California
Del Norte,2021-03-07,2,5721,1,2131,1,3539,0,51,1,1877,1,1924,1,3801,California
Del Norte,2021-03-08,28,5749,1,2132,25,3564,2,53,5,1861,23,1947,7,3808,California
Del Norte,2021-03-09,194,5943,112,2244,79,3643,3,56,183,2036,11,1958,186,3994,California
Del Norte,2021-03-10,233,6176,96,2340,109,3752,28,84,134,2099,99,2057,162,4156,California
Del Norte,2021-03-11,151,6327,55,2395,91,3843,5,89,103,2159,48,2105,108,4264,California
Del Norte,2021-03-12,177,6504,89,2484,88,3931,0,89,124,2230,53,2158,124,4388,California
Del Norte,2021-03-13,94,6598,93,2577,1,3932,0,89,91,2318,3,2161,91,4479,California
Del Norte,2021-03-14,1,6599,0,2577,1,3933,0,89,1,2318,1,2162,1,4480,California
Del Norte,2021-03-15,38,6637,0,2577,38,3971,0,89,34,2348,4,2166,34,4514,California
Del Norte,2021-03-16,280,6917,135,2712,145,4116,0,89,259,2586,21,2187,259,4773,California
Del Norte,2021-03-17,282,7199,95,2807,185,4301,2,91,168,2642,114,2301,170,4943,California
Del Norte,2021-03-18,285,7484,107,2914,175,4476,3,94,149,2659,135,2436,152,5095,California
Del Norte,2021-03-19,266,7750,159,3073,101,4577,6,100,91,2581,175,2611,97,5192,California
Del Norte,2021-03-20,158,7908,155,3228,3,4580,0,100,16,2455,142,2753,16,5208,California
Del Norte,2021-03-21,4,7912,2,3230,2,4582,0,100,2,2455,2,2755,2,5210,California
Del Norte,2021-03-22,42,7954,3,3233,38,4620,1,101,39,2492,3,2758,40,5250,California
Del Norte,2021-03-23,335,8289,164,3397,153,4773,18,119,165,2506,168,2926,182,5432,California
Del Norte,2021-03-24,396,8685,107,3504,248,5021,41,160,236,2623,160,3086,277,5709,California
Del Norte,2021-03-25,193,8878,89,3593,104,5125,0,160,85,2601,107,3193,85,5794,California
Del Norte,2021-03-26,231,9109,112,3705,119,5244,0,160,197,2764,34,3227,197,5991,California
Del Norte,2021-03-27,108,9217,87,3792,4,5248,17,177,17,2707,91,3318,34,6025,California
Del Norte,2021-03-28,4,9221,2,3794,2,5250,0,177,1,2705,3,3321,1,6026,California
Del Norte,2021-03-29,57,9278,6,3800,34,5284,17,194,32,2729,25,3346,49,6075,California
Del Norte,2021-03-30,339,9617,118,3918,210,5494,11,205,128,2657,211,3557,139,6214,California
Del Norte,2021-03-31,350,9967,99,4017,234,5728,17,222,195,2716,153,3710,212,6426,California
Del Norte,2021-04-01,165,10132,59,4076,72,5800,34,256,70,2726,94,3804,104,6530,California
Del Norte,2021-04-02,230,10362,78,4154,103,5903,49,305,47,2640,183,3987,97,6627,California
Del Norte,2021-04-03,106,10468,82,4236,2,5905,22,327,4,2565,101,4088,26,6653,California
Del Norte,2021-04-04,4,10472,0,4236,0,5905,4,331,0,2565,4,4092,4,6657,California
Del Norte,2021-04-05,50,10522,5,4241,41,5946,4,335,42,2604,7,4099,46,6703,California
Del Norte,2021-04-06,378,10900,119,4360,222,6168,37,372,145,2558,229,4328,183,6886,California
Del Norte,2021-04-07,427,11327,114,4474,252,6420,61,433,280,2753,146,4474,341,7227,California
Del Norte,2021-04-08,233,11560,54,4528,111,6531,68,501,111,2810,122,4596,179,7406,California
Del Norte,2021-04-09,204,11764,47,4575,80,6611,77,578,98,2878,105,4701,173,7579,California
Del Norte,2021-04-10,48,11812,27,4602,4,6615,17,595,27,2901,21,4722,44,7623,California
Del Norte,2021-04-11,12,11824,3,4605,2,6617,7,602,2,2900,10,4732,9,7632,California
Del Norte,2021-04-12,28,11852,1,4606,9,6626,18,620,1,2893,26,4758,19,7651,California
Del Norte,2021-04-13,297,12149,49,4655,248,6874,0,620,155,2906,142,4900,155,7806,California
Del Norte,2021-04-14,326,12475,23,4678,303,7177,0,620,137,2859,189,5089,142,7948,California
Del Norte,2021-04-15,163,12638,30,4708,133,7310,0,620,44,2785,119,5208,45,7993,California
Del Norte,2021-04-16,160,12798,39,4747,121,7431,0,620,58,2742,102,5310,59,8052,California
Del Norte,2021-04-17,100,12898,69,4816,31,7462,0,620,95,2832,5,5315,95,8147,California
Del Norte,2021-04-18,4,12902,3,4819,1,7463,0,620,3,2834,1,5316,3,8150,California
Del Norte,2021-04-19,50,12952,6,4825,44,7507,0,620,8,2800,42,5358,8,8158,California
Del Norte,2021-04-20,209,13161,40,4865,169,7676,0,620,74,2739,135,5493,74,8232,California
Del Norte,2021-04-21,287,13448,22,4887,265,7941,0,620,63,2581,224,5717,66,8298,California
Del Norte,2021-04-22,114,13562,15,4902,99,8040,0,620,62,2591,52,5769,62,8360,California
Del Norte,2021-04-23,151,13713,20,4922,131,8171,0,620,39,2518,112,5881,39,8399,California
Del Norte,2021-04-24,24,13737,14,4936,10,8181,0,620,19,2532,5,5886,19,8418,California
Del Norte,2021-04-25,2,13739,0,4936,2,8183,0,620,2,2534,0,5886,2,8420,California
Del Norte,2021-04-26,29,13768,0,4936,29,8212,0,620,7,2519,22,5908,7,8427,California
Del Norte,2021-04-27,173,13941,19,4955,149,8361,5,625,47,2445,126,6034,52,8479,California
Del Norte,2021-04-28,269,14210,29,4984,236,8597,4,629,52,2288,214,6248,57,8536,California
Del Norte,2021-04-29,84,14294,7,4991,74,8671,3,632,20,2247,64,6312,23,8559,California
Del Norte,2021-04-30,64,14358,1,4992,53,8724,10,642,41,2275,23,6335,51,8610,California
Del Norte,2021-05-01,6,14364,2,4994,4,8728,0,642,5,2279,1,6336,5,8615,California
Del Norte,2021-05-02,4,14368,1,4995,3,8731,0,642,4,2283,0,6336,4,8619,California
El Dorado,2020-12-15,12,12,12,12,0,0,0,0,12,12,0,0,12,12,California
El Dorado,2020-12-16,40,52,40,52,0,0,0,0,40,52,0,0,40,52,California
El Dorado,2020-12-17,31,83,31,83,0,0,0,0,31,83,0,0,31,83,California
El Dorado,2020-12-18,236,319,236,319,0,0,0,0,236,319,0,0,236,319,California
El Dorado,2020-12-19,116,435,116,435,0,0,0,0,116,435,0,0,116,435,California
El Dorado,2020-12-20,85,520,85,520,0,0,0,0,85,520,0,0,85,520,California
El Dorado,2020-12-21,308,828,307,827,1,1,0,0,308,828,0,0,308,828,California
El Dorado,2020-12-22,238,1066,214,1041,24,25,0,0,238,1066,0,0,238,1066,California
El Dorado,2020-12-23,189,1255,140,1181,49,74,0,0,189,1255,0,0,189,1255,California
El Dorado,2020-12-24,87,1342,66,1247,21,95,0,0,87,1342,0,0,87,1342,California
El Dorado,2020-12-25,8,1350,8,1255,0,95,0,0,8,1350,0,0,8,1350,California
El Dorado,2020-12-26,44,1394,26,1281,18,113,0,0,44,1394,0,0,44,1394,California
El Dorado,2020-12-27,37,1431,33,1314,4,117,0,0,37,1431,0,0,37,1431,California
El Dorado,2020-12-28,216,1647,169,1483,47,164,0,0,216,1647,0,0,216,1647,California
El Dorado,2020-12-29,457,2104,141,1624,316,480,0,0,457,2104,0,0,457,2104,California
El Dorado,2020-12-30,506,2610,136,1760,370,850,0,0,506,2610,0,0,506,2610,California
El Dorado,2020-12-31,110,2720,70,1830,40,890,0,0,110,2720,0,0,110,2720,California
El Dorado,2021-01-01,7,2727,4,1834,3,893,0,0,7,2727,0,0,7,2727,California
El Dorado,2021-01-02,151,2878,140,1974,11,904,0,0,151,2878,0,0,151,2878,California
El Dorado,2021-01-03,92,2970,17,1991,75,979,0,0,92,2970,0,0,92,2970,California
El Dorado,2021-01-04,189,3159,62,2053,127,1106,0,0,189,3159,0,0,189,3159,California
El Dorado,2021-01-05,204,3363,50,2103,154,1260,0,0,188,3331,16,16,188,3347,California
El Dorado,2021-01-06,262,3625,189,2292,73,1333,0,0,198,3465,64,80,198,3545,California
El Dorado,2021-01-07,329,3954,136,2428,193,1526,0,0,258,3652,71,151,258,3803,California
El Dorado,2021-01-08,976,4930,501,2929,475,2001,0,0,773,4223,203,354,774,4577,California
El Dorado,2021-01-09,194,5124,157,3086,37,2038,0,0,126,4281,68,422,126,4703,California
El Dorado,2021-01-10,180,5304,129,3215,51,2089,0,0,110,4322,70,492,111,4814,California
El Dorado,2021-01-11,659,5963,293,3508,366,2455,0,0,460,4585,198,690,461,5275,California
El Dorado,2021-01-12,694,6657,422,3930,272,2727,0,0,445,4781,249,939,445,5720,California
El Dorado,2021-01-13,699,7356,296,4226,403,3130,0,0,538,5158,161,1100,538,6258,California
El Dorado,2021-01-14,691,8047,219,4445,472,3602,0,0,596,5659,95,1195,596,6854,California
El Dorado,2021-01-15,683,8730,185,4630,498,4100,0,0,611,6198,72,1267,611,7465,California
El Dorado,2021-01-16,173,8903,104,4734,69,4169,0,0,146,6317,27,1294,146,7611,California
El Dorado,2021-01-17,100,9003,47,4781,53,4222,0,0,83,6383,17,1311,83,7694,California
El Dorado,2021-01-18,417,9420,138,4919,279,4501,0,0,349,6664,68,1379,349,8043,California
El Dorado,2021-01-19,650,10070,352,5271,298,4799,0,0,501,7017,149,1528,502,8545,California
El Dorado,2021-01-20,1010,11080,686,5957,324,5123,0,0,898,7804,111,1639,898,9443,California
El Dorado,2021-01-21,1156,12236,572,6529,584,5707,0,0,951,8591,164,1803,951,10394,California
El Dorado,2021-01-22,1103,13339,710,7239,393,6100,0,0,1049,9587,53,1856,1049,11443,California
El Dorado,2021-01-23,736,14075,617,7856,119,6219,0,0,625,10101,111,1967,625,12068,California
El Dorado,2021-01-24,126,14201,76,7932,50,6269,0,0,107,10189,19,1986,107,12175,California
El Dorado,2021-01-25,610,14811,204,8136,406,6675,0,0,522,10623,88,2074,522,12697,California
El Dorado,2021-01-26,675,15486,364,8500,311,6986,0,0,571,11091,104,2178,572,13269,California
El Dorado,2021-01-27,927,16413,329,8829,598,7584,0,0,591,11345,337,2515,591,13860,California
El Dorado,2021-01-28,1106,17519,453,9282,653,8237,0,0,745,11729,361,2876,745,14605,California
El Dorado,2021-01-29,975,18494,490,9772,485,8722,0,0,745,12246,229,3105,746,15351,California
El Dorado,2021-01-30,611,19105,359,10131,252,8974,0,0,450,12535,161,3266,450,15801,California
El Dorado,2021-01-31,209,19314,188,10319,21,8995,0,0,180,12686,29,3295,180,15981,California
El Dorado,2021-02-01,799,20113,368,10687,431,9426,0,0,655,13198,143,3438,655,16636,California
El Dorado,2021-02-02,837,20950,367,11054,470,9896,0,0,677,13715,160,3598,677,17313,California
El Dorado,2021-02-03,899,21849,475,11529,424,10320,0,0,686,14188,213,3811,686,17999,California
El Dorado,2021-02-04,1266,23115,723,12252,543,10863,0,0,871,14665,394,4205,871,18870,California
El Dorado,2021-02-05,1484,24599,598,12850,886,11749,0,0,868,14952,581,4786,868,19738,California
El Dorado,2021-02-06,639,25238,334,13184,305,12054,0,0,530,15374,109,4895,531,20269,California
El Dorado,2021-02-07,256,25494,176,13360,80,12134,0,0,192,15502,64,4959,192,20461,California
El Dorado,2021-02-08,879,26373,417,13777,462,12596,0,0,606,15835,273,5232,606,21067,California
El Dorado,2021-02-09,909,27282,487,14264,422,13018,0,0,487,15900,422,5654,487,21554,California
El Dorado,2021-02-10,1247,28529,729,14993,518,13536,0,0,656,15966,590,6244,656,22210,California
El Dorado,2021-02-11,2153,30682,891,15884,1262,14798,0,0,964,15745,1186,7430,965,23175,California
El Dorado,2021-02-12,1569,32251,823,16707,746,15544,0,0,678,15533,891,8321,679,23854,California
El Dorado,2021-02-13,978,33229,669,17376,309,15853,0,0,434,15426,541,8862,434,24288,California
El Dorado,2021-02-14,479,33708,153,17529,326,16179,0,0,396,15739,83,8945,396,24684,California
El Dorado,2021-02-15,1185,34893,387,17916,798,16977,0,0,829,16215,356,9301,832,25516,California
El Dorado,2021-02-16,1195,36088,529,18445,666,17643,0,0,675,16372,519,9820,676,26192,California
El Dorado,2021-02-17,900,36988,373,18818,527,18170,0,0,420,16314,480,10300,422,26614,California
El Dorado,2021-02-18,2086,39074,1012,19830,1074,19244,0,0,1353,16935,732,11032,1353,27967,California
El Dorado,2021-02-19,1167,40241,603,20433,564,19808,0,0,646,17061,521,11553,647,28614,California
El Dorado,2021-02-20,916,41157,435,20868,481,20289,0,0,668,17487,242,11795,668,29282,California
El Dorado,2021-02-21,282,41439,225,21093,57,20346,0,0,99,17404,182,11977,99,29381,California
El Dorado,2021-02-22,868,42307,434,21527,434,20780,0,0,285,17107,582,12559,285,29666,California
El Dorado,2021-02-23,842,43149,472,21999,370,21150,0,0,350,16966,491,13050,350,30016,California
El Dorado,2021-02-24,1016,44165,439,22438,577,21727,0,0,421,16793,595,13645,422,30438,California
El Dorado,2021-02-25,1633,45798,886,23324,747,22474,0,0,725,16618,902,14547,727,31165,California
El Dorado,2021-02-26,2353,48151,1482,24806,871,23345,0,0,1588,17443,763,15310,1588,32753,California
El Dorado,2021-02-27,1658,49809,439,25245,1219,24564,0,0,1219,18226,436,15746,1219,33972,California
El Dorado,2021-02-28,586,50395,204,25449,382,24946,0,0,434,18509,152,15898,435,34407,California
El Dorado,2021-03-01,1136,51531,452,25901,684,25630,0,0,624,18622,511,16409,624,35031,California
El Dorado,2021-03-02,900,52431,266,26167,634,26264,0,0,461,18646,437,16846,461,35492,California
El Dorado,2021-03-03,1679,54110,463,26630,1216,27480,0,0,1151,19278,521,17367,1153,36645,California
El Dorado,2021-03-04,2511,56621,1548,28178,963,28443,0,0,1227,19224,1281,18648,1227,37872,California
El Dorado,2021-03-05,1574,58195,422,28600,1147,29590,5,5,1043,19746,526,19174,1048,38920,California
El Dorado,2021-03-06,739,58934,210,28810,494,30084,35,40,392,19826,347,19521,427,39347,California
El Dorado,2021-03-07,404,59338,197,29007,189,30273,18,58,241,19924,161,19682,259,39606,California
El Dorado,2021-03-08,1325,60663,364,29371,890,31163,71,129,856,20385,466,20148,927,40533,California
El Dorado,2021-03-09,970,61633,225,29596,678,31841,67,196,572,20641,383,20531,639,41172,California
El Dorado,2021-03-10,943,62576,343,29939,544,32385,56,252,544,20847,393,20924,599,41771,California
El Dorado,2021-03-11,2996,65572,1826,31765,988,33373,182,434,1366,20780,1614,22538,1547,43318,California
El Dorado,2021-03-12,1778,67350,619,32384,912,34285,247,681,741,20749,1019,23557,988,44306,California
El Dorado,2021-03-13,1063,68413,344,32728,436,34721,283,964,375,20720,685,24242,656,44962,California
El Dorado,2021-03-14,791,69204,207,32935,472,35193,112,1076,280,20601,511,24753,392,45354,California
El Dorado,2021-03-15,1400,70604,302,33237,972,36165,126,1202,611,20554,785,25538,738,46092,California
El Dorado,2021-03-16,1209,71813,406,33643,659,36824,144,1346,568,20631,635,26173,712,46804,California
El Dorado,2021-03-17,1087,72900,351,33994,642,37466,94,1440,702,21042,385,26558,796,47600,California
El Dorado,2021-03-18,2969,75869,1749,35743,1176,38642,44,1484,1982,22088,980,27538,2026,49626,California
El Dorado,2021-03-19,1104,76973,363,36106,597,39239,144,1628,629,22387,475,28013,774,50400,California
El Dorado,2021-03-20,944,77917,268,36374,659,39898,17,1645,365,22201,568,28581,382,50782,California
El Dorado,2021-03-21,1027,78944,418,36792,604,40502,5,1650,937,23055,88,28669,942,51724,California
El Dorado,2021-03-22,1500,80444,488,37280,930,41432,82,1732,1192,24026,303,28972,1274,52998,California
El Dorado,2021-03-23,1142,81586,449,37729,601,42033,92,1824,734,24455,397,29369,826,53824,California
El Dorado,2021-03-24,1451,83037,620,38349,635,42668,196,2020,659,24546,764,30133,855,54679,California
El Dorado,2021-03-25,2472,85509,1672,40021,697,43365,103,2123,1367,24917,1099,31232,1470,56149,California
El Dorado,2021-03-26,1812,87321,694,40715,1009,44374,109,2232,946,25128,845,32077,1056,57205,California
El Dorado,2021-03-27,1311,88632,188,40903,1119,45493,4,2236,334,24495,971,33048,338,57543,California
El Dorado,2021-03-28,619,89251,181,41084,429,45922,9,2245,202,24292,414,33462,211,57754,California
El Dorado,2021-03-29,1307,90558,431,41515,860,46782,16,2261,823,24650,481,33943,839,58593,California
El Dorado,2021-03-30,1356,91914,411,41926,853,47635,92,2353,701,24794,648,34591,792,59385,California
El Dorado,2021-03-31,1560,93474,583,42509,914,48549,63,2416,706,24709,852,35443,767,60152,California
El Dorado,2021-04-01,3205,96679,1745,44254,1378,49927,82,2498,1518,24625,1685,37128,1601,61753,California
El Dorado,2021-04-02,1879,98558,556,44810,1228,51155,95,2593,754,24353,1121,38249,849,62602,California
El Dorado,2021-04-03,743,99301,290,45100,332,51487,121,2714,223,24178,518,38767,343,62945,California
El Dorado,2021-04-04,269,99570,85,45185,137,51624,47,2761,97,24151,171,38938,144,63089,California
El Dorado,2021-04-05,1419,100989,423,45608,902,52526,94,2855,591,24012,823,39761,684,63773,California
El Dorado,2021-04-06,1407,102396,518,46126,668,53194,221,3076,448,23723,957,40718,668,64441,California
El Dorado,2021-04-07,1563,103959,552,46678,566,53760,445,3521,554,23713,1006,41724,996,65437,California
El Dorado,2021-04-08,2666,106625,1721,48399,709,54469,236,3757,1114,23518,1544,43268,1349,66786,California
El Dorado,2021-04-09,1405,108030,439,48838,748,55217,218,3975,558,23446,845,44113,773,67559,California
El Dorado,2021-04-10,818,108848,219,49057,490,55707,109,4084,474,23686,342,44455,582,68141,California
El Dorado,2021-04-11,697,109545,452,49509,229,55936,16,4100,205,23416,491,44946,221,68362,California
El Dorado,2021-04-12,1278,110823,499,50008,631,56567,148,4248,562,23416,709,45655,709,69071,California
El Dorado,2021-04-13,1113,111936,608,50616,505,57072,0,4248,508,23323,601,46256,508,69579,California
El Dorado,2021-04-14,1066,113002,436,51052,629,57701,1,4249,364,22999,689,46945,365,69944,California
El Dorado,2021-04-15,2483,115485,1670,52722,813,58514,0,4249,962,22444,1518,48463,963,70907,California
El Dorado,2021-04-16,1453,116938,515,53237,938,59452,0,4249,607,22211,841,49304,608,71515,California
El Dorado,2021-04-17,752,117690,196,53433,556,60008,0,4249,478,22417,272,49576,478,71993,California
El Dorado,2021-04-18,968,118658,80,53513,888,60896,0,4249,401,22252,566,50142,401,72394,California
El Dorado,2021-04-19,1701,120359,435,53948,1266,62162,0,4249,691,21939,1004,51146,691,73085,California
El Dorado,2021-04-20,1106,121465,357,54305,749,62911,0,4249,460,21757,642,51788,460,73545,California
El Dorado,2021-04-21,1151,122616,464,54769,684,63595,3,4252,588,21789,557,52345,589,74134,California
El Dorado,2021-04-22,2521,125137,1664,56433,857,64452,0,4252,1066,21401,1454,53799,1066,75200,California
El Dorado,2021-04-23,1380,126517,493,56926,887,65339,0,4252,703,21431,674,54473,704,75904,California
El Dorado,2021-04-24,961,127478,510,57436,451,65790,0,4252,732,21936,227,54700,732,76636,California
El Dorado,2021-04-25,611,128089,433,57869,178,65968,0,4252,440,22205,171,54871,440,77076,California
El Dorado,2021-04-26,1028,129117,429,58298,583,66551,16,4268,501,22196,526,55397,517,77593,California
El Dorado,2021-04-27,934,130051,347,58645,559,67110,28,4296,431,22157,498,55895,459,78052,California
El Dorado,2021-04-28,890,130941,331,58976,518,67628,41,4337,351,22012,537,56432,392,78444,California
El Dorado,2021-04-29,1676,132617,1167,60143,482,68110,27,4364,406,21177,1268,57700,433,78877,California
El Dorado,2021-04-30,1390,134007,1023,61166,357,68467,10,4374,1016,21837,366,58066,1026,79903,California
El Dorado,2021-05-01,328,134335,132,61298,191,68658,5,4379,156,21832,166,58232,161,80064,California
El Dorado,2021-05-02,119,134454,92,61390,25,68683,2,4381,42,21802,74,58306,44,80108,California
Fresno,2020-12-15,2,2,2,2,0,0,0,0,2,2,0,0,2,2,California
Fresno,2020-12-16,121,123,121,123,0,0,0,0,121,123,0,0,121,123,California
Fresno,2020-12-17,120,243,120,243,0,0,0,0,120,243,0,0,120,243,California
Fresno,2020-12-18,343,586,343,586,0,0,0,0,343,586,0,0,343,586,California
Fresno,2020-12-19,157,743,157,743,0,0,0,0,157,743,0,0,157,743,California
Fresno,2020-12-20,258,1001,256,999,2,2,0,0,258,1001,0,0,258,1001,California
Fresno,2020-12-21,926,1927,925,1924,1,3,0,0,957,1958,0,0,957,1958,California
Fresno,2020-12-22,901,2828,872,2796,29,32,0,0,905,2863,0,0,905,2863,California
Fresno,2020-12-23,1087,3915,1046,3842,41,73,0,0,1088,3951,0,0,1088,3951,California
Fresno,2020-12-24,581,4496,562,4404,19,92,0,0,581,4532,0,0,581,4532,California
Fresno,2020-12-25,2,4498,1,4405,1,93,0,0,2,4534,0,0,2,4534,California
Fresno,2020-12-26,722,5220,713,5118,9,102,0,0,722,5256,0,0,722,5256,California
Fresno,2020-12-27,300,5520,204,5322,96,198,0,0,300,5556,0,0,300,5556,California
Fresno,2020-12-28,1062,6582,775,6097,287,485,0,0,1063,6619,0,0,1063,6619,California
Fresno,2020-12-29,1770,8352,1040,7137,730,1215,0,0,1768,8386,1,1,1768,8387,California
Fresno,2020-12-30,981,9333,478,7615,503,1718,0,0,981,9367,0,1,981,9368,California
Fresno,2020-12-31,897,10230,310,7925,587,2305,0,0,896,10263,0,1,896,10264,California
Fresno,2021-01-01,9,10239,3,7928,6,2311,0,0,9,10272,0,1,9,10273,California
Fresno,2021-01-02,1031,11270,717,8645,314,2625,0,0,1031,11303,0,1,1031,11304,California
Fresno,2021-01-03,153,11423,128,8773,25,2650,0,0,153,11456,0,1,153,11457,California
Fresno,2021-01-04,615,12038,375,9148,240,2890,0,0,615,12071,0,1,615,12072,California
Fresno,2021-01-05,778,12816,312,9460,466,3356,0,0,704,12701,74,75,704,12776,California
Fresno,2021-01-06,975,13791,346,9806,629,3985,0,0,803,13332,172,247,803,13579,California
Fresno,2021-01-07,1886,15677,915,10721,971,4956,0,0,1633,14715,253,500,1636,15215,California
Fresno,2021-01-08,1780,17457,613,11334,1167,6123,0,0,1416,15769,362,862,1416,16631,California
Fresno,2021-01-09,628,18085,386,11720,242,6365,0,0,354,15849,274,1136,354,16985,California
Fresno,2021-01-10,515,18600,485,12205,30,6395,0,0,202,15738,313,1449,202,17187,California
Fresno,2021-01-11,2158,20758,1751,13956,407,6802,0,0,1465,16513,693,2142,1468,18655,California
Fresno,2021-01-12,2524,23282,1826,15782,698,7500,0,0,1677,17343,849,2991,1679,20334,California
Fresno,2021-01-13,3537,26819,2422,18204,1115,8615,0,0,2681,19170,856,3847,2683,23017,California
Fresno,2021-01-14,4150,30969,2198,20402,1952,10567,0,0,3680,22381,469,4316,3680,26697,California
Fresno,2021-01-15,3645,34614,2532,22934,1113,11680,0,0,3287,25314,358,4674,3291,29988,California
Fresno,2021-01-16,3150,37764,2308,25242,842,12522,0,0,2686,27538,463,5137,2687,32675,California
Fresno,2021-01-17,977,38741,556,25798,421,12943,0,0,779,28119,198,5335,779,33454,California
Fresno,2021-01-18,3074,41815,2367,28165,707,13650,0,0,2409,29867,663,5998,2411,35865,California
Fresno,2021-01-19,4327,46142,2540,30705,1787,15437,0,0,3676,32896,651,6649,3680,39545,California
Fresno,2021-01-20,2994,49136,1186,31891,1808,17245,0,0,2693,35290,302,6951,2696,42241,California
Fresno,2021-01-21,4349,53485,1999,33890,2350,19595,0,0,4001,38967,329,7280,4006,46247,California
Fresno,2021-01-22,3310,56795,1347,35237,1963,21558,0,0,2921,41517,372,7652,2922,49169,California
Fresno,2021-01-23,3043,59838,1970,37207,1073,22631,0,0,2320,43122,722,8374,2327,51496,California
Fresno,2021-01-24,552,60390,372,37579,180,22811,0,0,347,43267,205,8579,350,51846,California
Fresno,2021-01-25,2344,62734,865,38444,1479,24290,0,0,1856,44639,488,9067,1860,53706,California
Fresno,2021-01-26,2021,64755,584,39028,1437,25727,0,0,1316,45253,703,9770,1317,55023,California
Fresno,2021-01-27,2259,67014,1163,40191,1096,26823,0,0,1739,46476,519,10289,1742,56765,California
Fresno,2021-01-28,4491,71505,3055,43246,1436,28259,0,0,3473,48938,1014,11303,3476,60241,California
Fresno,2021-01-29,1702,73207,983,44229,719,28978,0,0,1405,50050,294,11597,1406,61647,California
Fresno,2021-01-30,1451,74658,551,44780,900,29878,0,0,1034,50667,417,12014,1034,62681,California
Fresno,2021-01-31,225,74883,216,44996,9,29887,0,0,71,50584,154,12168,71,62752,California
Fresno,2021-02-01,3330,78213,1663,46659,1667,31554,0,0,1817,50907,1512,13680,1835,64587,California
Fresno,2021-02-02,2717,80930,550,47209,2167,33721,0,0,1586,51393,1116,14796,1602,66189,California
Fresno,2021-02-03,3532,84462,2095,49304,1437,35158,0,0,1517,50910,2001,16797,1518,67707,California
Fresno,2021-02-04,4195,88657,1896,51200,2299,37457,0,0,1930,50610,2235,19032,1935,69642,California
Fresno,2021-02-05,5326,93983,2724,53924,2602,40059,0,0,2304,49901,3017,22049,2308,71950,California
Fresno,2021-02-06,2935,96918,2047,55971,888,40947,0,0,976,48923,1956,24005,978,72928,California
Fresno,2021-02-07,469,97387,288,56259,181,41128,0,0,275,49005,193,24198,275,73203,California
Fresno,2021-02-08,4274,101661,2292,58551,1982,43110,0,0,1812,48388,2438,26636,1821,75024,California
Fresno,2021-02-09,5329,106990,2081,60632,3248,46358,0,0,3120,49382,2134,28770,3128,78152,California
Fresno,2021-02-10,3879,110869,1234,61866,2645,49003,0,0,1987,49543,1837,30607,1998,80150,California
Fresno,2021-02-11,6447,117316,2090,63956,4357,53360,0,0,3383,49883,3049,33656,3389,83539,California
Fresno,2021-02-12,5381,122697,1384,65340,3997,57357,0,0,2745,50017,2617,36273,2751,86290,California
Fresno,2021-02-13,3733,126430,1547,66887,2186,59543,0,0,2081,50464,1640,37913,2087,88377,California
Fresno,2021-02-14,1562,127992,282,67169,1280,60823,0,0,849,50603,712,38625,851,89228,California
Fresno,2021-02-15,2886,130878,271,67440,2615,63438,0,0,1782,51289,1100,39725,1786,91014,California
Fresno,2021-02-16,6682,137560,2402,69842,4280,67718,0,0,4245,53121,2419,42144,4251,95265,California
Fresno,2021-02-17,5336,142896,2455,72297,2881,70599,0,0,2986,53806,2306,44450,2991,98256,California
Fresno,2021-02-18,6857,149753,2903,75200,3954,74553,0,0,2574,52157,4234,48684,2585,100841,California
Fresno,2021-02-19,3834,153587,1101,76301,2733,77286,0,0,1829,51994,1995,50679,1832,102673,California
Fresno,2021-02-20,4539,158126,2504,78805,2035,79321,0,0,3059,53586,1473,52152,3065,105738,California
Fresno,2021-02-21,188,158314,171,78976,17,79338,0,0,129,53669,46,52198,129,105867,California
Fresno,2021-02-22,2229,160543,1001,79977,1228,80566,0,0,1223,53899,997,53195,1227,107094,California
Fresno,2021-02-23,3891,164434,1482,81459,2409,82975,0,0,3032,56084,849,54044,3034,110128,California
Fresno,2021-02-24,4177,168611,1496,82955,2681,85656,0,0,3431,58783,735,54779,3434,113562,California
Fresno,2021-02-25,7485,176096,2525,85480,4960,90616,0,0,6029,63427,1392,56171,6036,119598,California
Fresno,2021-02-26,8327,184423,3039,88519,5288,95904,0,0,7044,69215,1262,57433,7050,126648,California
Fresno,2021-02-27,6295,190718,2204,90723,4091,99995,0,0,5606,74147,679,58112,5611,132259,California
Fresno,2021-02-28,1637,192355,532,91255,1105,101100,0,0,1548,75619,77,58189,1549,133808,California
Fresno,2021-03-01,4918,197273,1296,92551,3622,104722,0,0,3611,77941,1297,59486,3619,137427,California
Fresno,2021-03-02,8578,205851,2311,94862,6267,110989,0,0,7217,83844,1337,60823,7240,144667,California
Fresno,2021-03-03,6805,212656,1684,96546,5120,116109,1,1,5792,88751,1000,61823,5907,150574,California
Fresno,2021-03-04,8540,221196,2536,99082,6004,122113,0,1,7019,94283,1495,63318,7027,157601,California
Fresno,2021-03-05,7953,229149,2706,101788,5245,127358,2,3,6933,100406,887,64205,7010,164611,California
Fresno,2021-03-06,6469,235618,3541,105329,2811,130169,117,120,5522,105108,941,65146,5643,170254,California
Fresno,2021-03-07,1476,237094,677,106006,765,130934,34,154,1248,106165,226,65372,1283,171537,California
Fresno,2021-03-08,5057,242151,2016,108022,2888,133822,153,307,3881,109042,1168,66540,4045,175582,California
Fresno,2021-03-09,7132,249283,2389,110411,4473,138295,270,577,3973,110178,3142,69682,4278,179860,California
Fresno,2021-03-10,6616,255899,2742,113153,3481,141776,393,970,5221,114415,1385,71067,5622,185482,California
Fresno,2021-03-11,11442,267341,4558,117711,6317,148093,567,1537,6211,116080,5188,76255,6853,192335,California
Fresno,2021-03-12,11574,278915,4920,122631,6201,154294,453,1990,8580,122277,2977,79232,9174,201509,California
Fresno,2021-03-13,8166,287081,3901,126532,3240,157534,1025,3015,3919,123065,4228,83460,5016,206525,California
Fresno,2021-03-14,1746,288827,466,126998,1000,158534,280,3295,658,122922,1079,84539,936,207461,California
Fresno,2021-03-15,6978,295805,3057,130055,3751,162285,170,3465,4819,125949,2145,86684,5172,212633,California
Fresno,2021-03-16,10060,305865,4410,134465,5256,167541,394,3859,6045,128499,3985,90669,6535,219168,California
Fresno,2021-03-17,8530,314395,3873,138338,3963,171504,694,4553,5755,132571,2756,93425,6828,225996,California
Fresno,2021-03-18,12262,326657,6577,144915,5055,176559,630,5183,8025,137455,4193,97618,9077,235073,California
Fresno,2021-03-19,10740,337397,5626,150541,4500,181059,614,5797,7265,142180,3448,101066,8173,243246,California
Fresno,2021-03-20,7379,344776,4422,154963,2646,183705,311,6108,4519,144442,2837,103903,5099,248345,California
Fresno,2021-03-21,1772,346548,1200,156163,201,183906,371,6479,961,144968,807,104710,1333,249678,California
Fresno,2021-03-22,5643,352191,2888,159051,2160,186066,595,7074,3852,147839,1775,106485,4646,254324,California
Fresno,2021-03-23,10534,362725,5239,164290,4801,190867,494,7568,6066,150375,4450,110935,6986,261310,California
Fresno,2021-03-24,8596,371321,3629,167919,4138,195005,829,8397,4729,152151,3836,114771,5612,266922,California
Fresno,2021-03-25,12053,383374,5574,173493,5697,200702,782,9179,6185,153371,5829,120600,7049,273971,California
Fresno,2021-03-26,12009,395383,5327,178820,6038,206740,644,9823,5280,152633,6681,127281,5943,279914,California
Fresno,2021-03-27,9361,404744,4127,182947,4152,210892,1082,10905,2934,150260,6393,133674,4020,283934,California
Fresno,2021-03-28,3281,408025,1198,184145,1396,212288,687,11592,1257,150446,2017,135691,2203,286137,California
Fresno,2021-03-29,5988,414013,1975,186120,3471,215759,542,12134,2901,150838,3063,138754,3455,289592,California
Fresno,2021-03-30,10766,424779,4208,190328,5675,221434,883,13017,4466,149909,6276,145030,5347,294939,California
Fresno,2021-03-31,9246,434025,3319,193647,4945,226379,982,13999,3796,149273,5412,150442,4776,299715,California
Fresno,2021-04-01,11291,445316,4064,197711,6377,232756,850,14849,3913,146693,7302,157744,4722,304437,California
Fresno,2021-04-02,11550,456866,4403,202114,6361,239117,786,15635,4234,144556,7163,164907,5026,309463,California
Fresno,2021-04-03,6170,463036,3374,205488,2545,241662,251,15886,2220,143127,3938,168845,2509,311972,California
Fresno,2021-04-04,1490,464526,533,206021,913,242575,44,15930,565,142819,917,169762,609,312581,California
Fresno,2021-04-05,8246,472772,4454,210475,2995,245570,797,16727,2530,140508,5707,175469,3396,315977,California
Fresno,2021-04-06,9475,482247,3955,214430,4345,249915,1175,17902,3590,139434,5853,181322,4779,320756,California
Fresno,2021-04-07,10303,492550,5297,219727,3826,253741,1180,19082,3554,137482,6715,188037,4763,325519,California
Fresno,2021-04-08,10781,503331,5113,224840,4533,258274,1135,20217,3504,134927,7238,195275,4683,330202,California
Fresno,2021-04-09,10654,513985,5092,229932,4205,262479,1357,21574,3586,132864,7029,202304,4966,335168,California
Fresno,2021-04-10,7834,521819,5139,235071,2175,264654,520,22094,3723,133006,4102,206406,4244,339412,California
Fresno,2021-04-11,1389,523208,930,236001,370,265024,89,22183,450,132611,934,207340,539,339951,California
Fresno,2021-04-12,7097,530305,3756,239757,2437,267461,904,23087,2313,131065,4763,212103,3217,343168,California
Fresno,2021-04-13,8879,539184,4219,243976,4590,272051,70,23157,3504,129386,5344,217447,3665,346833,California
Fresno,2021-04-14,8822,548006,5133,249109,3688,275739,1,23158,3634,127911,5155,222602,3680,350513,California
Fresno,2021-04-15,7765,555771,3613,252722,4150,279889,2,23160,3005,126187,4734,227336,3010,353523,California
Fresno,2021-04-16,8933,564704,4239,256961,4692,284581,2,23162,3832,124964,5062,232398,3839,357362,California
Fresno,2021-04-17,5568,570272,3734,260695,1834,286415,0,23162,2719,124851,2834,235232,2721,360083,California
Fresno,2021-04-18,1018,571290,552,261247,466,286881,0,23162,474,124783,542,235774,474,360557,California
Fresno,2021-04-19,5395,576685,2914,264161,2477,289358,4,23166,2172,123772,3190,238964,2179,362736,California
Fresno,2021-04-20,6816,583501,3311,267472,3497,292855,8,23174,2541,122070,4252,243216,2550,365286,California
Fresno,2021-04-21,6248,589749,3410,270882,2830,295685,8,23182,2591,121042,3631,246847,2603,367889,California
Fresno,2021-04-22,6315,596064,3133,274015,3181,298866,1,23183,2332,119442,3936,250783,2336,370225,California
Fresno,2021-04-23,6934,602998,3748,277763,3167,302033,19,23202,2686,117922,4213,254996,2693,372918,California
Fresno,2021-04-24,4152,607150,2482,280245,1670,303703,0,23202,1958,117698,2182,257178,1958,374876,California
Fresno,2021-04-25,1342,608492,566,280811,774,304477,2,23204,665,117689,675,257853,666,375542,California
Fresno,2021-04-26,3746,612238,1840,282651,1867,306344,39,23243,1596,117194,2128,259981,1633,377175,California
Fresno,2021-04-27,4298,616536,2110,284761,2084,308428,104,23347,1653,116323,2628,262609,1757,378932,California
Fresno,2021-04-28,4315,620851,2365,287126,1833,310261,117,23464,1798,115738,2499,265108,1914,380846,California
Fresno,2021-04-29,3980,624831,2157,289283,1698,311959,125,23589,1445,114800,2506,267614,1568,382414,California
Fresno,2021-04-30,3531,628362,2123,291406,1354,313313,54,23643,1396,114133,2117,269731,1450,383864,California
Fresno,2021-05-01,2739,631101,2355,293761,300,313613,84,23727,767,113023,1960,271691,850,384714,California
Fresno,2021-05-02,358,631459,195,293956,158,313771,5,23732,203,113083,148,271839,208,384922,California
Glenn,2020-12-17,1,1,1,1,0,0,0,0,1,1,0,0,1,1,California
Glenn,2020-12-19,1,2,1,2,0,0,0,0,1,2,0,0,1,2,California
Glenn,2020-12-20,1,3,1,3,0,0,0,0,1,3,0,0,1,3,California
Glenn,2020-12-21,11,14,11,14,0,0,0,0,11,14,0,0,11,14,California
Glenn,2020-12-22,59,73,59,73,0,0,0,0,59,73,0,0,59,73,California
Glenn,2020-12-23,27,100,27,100,0,0,0,0,27,100,0,0,27,100,California
Glenn,2020-12-24,9,109,9,109,0,0,0,0,9,109,0,0,9,109,California
Glenn,2020-12-26,2,111,2,111,0,0,0,0,2,111,0,0,2,111,California
Glenn,2020-12-27,4,115,4,115,0,0,0,0,4,115,0,0,4,115,California
Glenn,2020-12-28,21,136,21,136,0,0,0,0,21,136,0,0,21,136,California
Glenn,2020-12-29,82,218,82,218,0,0,0,0,82,218,0,0,82,218,California
Glenn,2020-12-30,128,346,106,324,22,22,0,0,128,346,0,0,128,346,California
Glenn,2020-12-31,38,384,9,333,29,51,0,0,38,384,0,0,38,384,California
Glenn,2021-01-02,2,386,2,335,0,51,0,0,2,386,0,0,2,386,California
Glenn,2021-01-04,7,393,5,340,2,53,0,0,7,393,0,0,7,393,California
Glenn,2021-01-05,9,402,8,348,1,54,0,0,9,402,0,0,9,402,California
Glenn,2021-01-06,60,462,8,356,52,106,0,0,60,462,0,0,60,462,California
Glenn,2021-01-07,67,529,12,368,55,161,0,0,65,525,2,2,65,527,California
Glenn,2021-01-08,12,541,9,377,3,164,0,0,12,537,0,2,12,539,California
Glenn,2021-01-10,1,542,1,378,0,164,0,0,0,536,1,3,0,539,California
Glenn,2021-01-11,30,572,30,408,0,164,0,0,12,530,18,21,12,551,California
Glenn,2021-01-12,42,614,37,445,5,169,0,0,14,516,28,49,14,565,California
Glenn,2021-01-13,153,767,88,533,65,234,0,0,109,581,44,93,109,674,California
Glenn,2021-01-14,185,952,96,629,89,323,0,0,175,746,10,103,175,849,California
Glenn,2021-01-15,42,994,34,663,8,331,0,0,37,778,5,108,37,886,California
Glenn,2021-01-16,34,1028,14,677,20,351,0,0,24,792,10,118,24,910,California
Glenn,2021-01-17,4,1032,2,679,2,353,0,0,2,792,2,120,2,912,California
Glenn,2021-01-18,17,1049,16,695,1,354,0,0,9,793,8,128,9,921,California
Glenn,2021-01-19,31,1080,20,715,11,365,0,0,14,790,17,145,14,935,California
Glenn,2021-01-20,163,1243,94,809,69,434,0,0,82,791,81,226,82,1017,California
Glenn,2021-01-21,124,1367,98,907,26,460,0,0,30,727,94,320,30,1047,California
Glenn,2021-01-22,337,1704,63,970,274,734,0,0,330,1050,7,327,330,1377,California
Glenn,2021-01-23,14,1718,7,977,7,741,0,0,12,1060,2,329,12,1389,California
Glenn,2021-01-24,2,1720,2,979,0,741,0,0,2,1062,0,329,2,1391,California
Glenn,2021-01-25,27,1747,9,988,18,759,0,0,24,1083,3,332,24,1415,California
Glenn,2021-01-26,29,1776,13,1001,16,775,0,0,23,1100,6,338,23,1438,California
Glenn,2021-01-27,187,1963,13,1014,174,949,0,0,166,1245,21,359,166,1604,California
Glenn,2021-01-28,146,2109,8,1022,138,1087,0,0,116,1331,30,389,116,1720,California
Glenn,2021-01-29,296,2405,12,1034,284,1371,0,0,282,1599,14,403,282,2002,California
Glenn,2021-01-30,4,2409,0,1034,4,1375,0,0,4,1603,0,403,4,2006,California
Glenn,2021-01-31,1,2410,0,1034,1,1376,0,0,1,1604,0,403,1,2007,California
Glenn,2021-02-01,28,2438,10,1044,18,1394,0,0,16,1608,12,415,16,2023,California
Glenn,2021-02-02,28,2466,13,1057,15,1409,0,0,19,1618,9,424,19,2042,California
Glenn,2021-02-03,207,2673,58,1115,149,1558,0,0,111,1634,96,520,112,2154,California
Glenn,2021-02-04,150,2823,84,1199,66,1624,0,0,45,1574,105,625,45,2199,California
Glenn,2021-02-05,319,3142,24,1223,295,1919,0,0,299,1853,20,645,299,2498,California
Glenn,2021-02-06,14,3156,2,1225,12,1931,0,0,13,1865,1,646,13,2511,California
Glenn,2021-02-07,2,3158,2,1227,0,1931,0,0,2,1867,0,646,2,2513,California
Glenn,2021-02-08,21,3179,17,1244,4,1935,0,0,4,1854,17,663,4,2517,California
Glenn,2021-02-09,49,3228,20,1264,29,1964,0,0,36,1877,13,676,36,2553,California
Glenn,2021-02-10,139,3367,19,1283,120,2084,0,0,65,1868,74,750,65,2618,California
Glenn,2021-02-11,232,3599,132,1415,100,2184,0,0,149,1934,83,833,149,2767,California
Glenn,2021-02-12,420,4019,99,1514,321,2505,0,0,356,2226,64,897,356,3123,California
Glenn,2021-02-13,34,4053,7,1521,27,2532,0,0,16,2224,18,915,16,3139,California
Glenn,2021-02-14,1,4054,0,1521,1,2533,0,0,1,2225,0,915,1,3140,California
Glenn,2021-02-15,8,4062,0,1521,8,2541,0,0,8,2233,0,915,8,3148,California
Glenn,2021-02-16,39,4101,9,1530,30,2571,0,0,21,2236,18,933,21,3169,California
Glenn,2021-02-17,380,4481,15,1545,365,2936,0,0,302,2460,78,1011,302,3471,California
Glenn,2021-02-18,135,4616,100,1645,35,2971,0,0,111,2547,24,1035,111,3582,California
Glenn,2021-02-19,303,4919,17,1662,286,3257,0,0,29,2302,274,1309,29,3611,California
Glenn,2021-02-20,8,4927,0,1662,8,3265,0,0,0,2294,8,1317,0,3611,California
Glenn,2021-02-22,33,4960,14,1676,19,3284,0,0,17,2295,16,1333,17,3628,California
Glenn,2021-02-23,40,5000,10,1686,30,3314,0,0,28,2311,12,1345,28,3656,California
Glenn,2021-02-24,221,5221,15,1701,206,3520,0,0,47,2184,174,1519,47,3703,California
Glenn,2021-02-25,262,5483,148,1849,114,3634,0,0,118,2158,144,1663,118,3821,California
Glenn,2021-02-26,304,5787,24,1873,280,3914,0,0,20,1895,283,1946,20,3841,California
Glenn,2021-02-27,15,5802,5,1878,10,3924,0,0,5,1891,9,1955,5,3846,California
Glenn,2021-02-28,6,5808,3,1881,3,3927,0,0,3,1892,2,1957,3,3849,California
Glenn,2021-03-01,28,5836,6,1887,22,3949,0,0,12,1888,16,1973,12,3861,California
Glenn,2021-03-02,35,5871,7,1894,28,3977,0,0,17,1887,18,1991,17,3878,California
Glenn,2021-03-03,192,6063,37,1931,155,4132,0,0,101,1899,89,2080,101,3979,California
Glenn,2021-03-04,521,6584,176,2107,345,4477,0,0,376,2130,145,2225,376,4355,California
Glenn,2021-03-05,356,6940,48,2155,308,4785,0,0,35,1844,321,2546,35,4390,California
Glenn,2021-03-06,26,6966,3,2158,22,4807,1,1,9,1837,17,2563,10,4400,California
Glenn,2021-03-07,5,6971,0,2158,5,4812,0,1,3,1839,1,2564,3,4403,California
Glenn,2021-03-08,20,6991,2,2160,17,4829,1,2,18,1856,2,2566,19,4422,California
Glenn,2021-03-09,82,7073,11,2171,68,4897,3,5,54,1884,28,2594,56,4478,California
Glenn,2021-03-10,172,7245,68,2239,102,4999,2,7,95,1904,77,2671,97,4575,California
Glenn,2021-03-11,584,7829,170,2409,391,5390,23,30,454,2251,130,2801,477,5052,California
Glenn,2021-03-12,417,8246,14,2423,342,5732,61,91,41,1977,376,3177,102,5154,California
Glenn,2021-03-13,12,8258,1,2424,3,5735,8,99,1,1975,11,3188,9,5163,California
Glenn,2021-03-14,3,8261,1,2425,2,5737,0,99,2,1976,1,3189,2,5165,California
Glenn,2021-03-15,75,8336,15,2440,55,5792,5,104,60,2026,15,3204,65,5230,California
Glenn,2021-03-16,106,8442,33,2473,62,5854,11,115,65,2061,41,3245,76,5306,California
Glenn,2021-03-17,417,8859,97,2570,313,6167,7,122,116,1881,301,3546,121,5427,California
Glenn,2021-03-18,520,9379,214,2784,50,6217,256,378,145,1906,375,3921,400,5827,California
Glenn,2021-03-19,91,9470,16,2800,69,6286,6,384,70,1962,20,3941,76,5903,California
Glenn,2021-03-20,121,9591,1,2801,119,6405,1,385,119,2080,2,3943,120,6023,California
Glenn,2021-03-21,6,9597,5,2806,0,6405,1,386,3,2082,2,3945,4,6027,California
Glenn,2021-03-22,116,9713,53,2859,55,6460,8,394,96,2168,18,3963,104,6131,California
Glenn,2021-03-23,173,9886,66,2925,56,6516,51,445,100,2247,72,4035,151,6282,California
Glenn,2021-03-24,204,10090,99,3024,100,6616,5,450,132,2313,71,4106,137,6419,California
Glenn,2021-03-25,455,10545,226,3250,135,6751,94,544,326,2605,128,4234,420,6839,California
Glenn,2021-03-26,227,10772,35,3285,156,6907,36,580,176,2766,51,4285,212,7051,California
Glenn,2021-03-27,150,10922,21,3306,124,7031,5,585,140,2901,10,4295,145,7196,California
Glenn,2021-03-28,15,10937,10,3316,5,7036,0,585,10,2906,5,4300,10,7206,California
Glenn,2021-03-29,59,10996,19,3335,37,7073,3,588,45,2940,14,4314,48,7254,California
Glenn,2021-03-30,73,11069,41,3376,31,7104,1,589,42,2954,29,4343,43,7297,California
Glenn,2021-03-31,125,11194,35,3411,89,7193,1,590,54,2939,70,4413,55,7352,California
Glenn,2021-04-01,638,11832,183,3594,446,7639,9,599,227,2766,409,4822,236,7588,California
Glenn,2021-04-02,158,11990,25,3619,121,7760,12,611,122,2864,36,4858,134,7722,California
Glenn,2021-04-03,91,12081,4,3623,80,7840,7,618,80,2940,11,4869,87,7809,California
Glenn,2021-04-04,8,12089,3,3626,3,7843,2,620,4,2942,4,4873,6,7815,California
Glenn,2021-04-05,65,12154,25,3651,27,7870,13,633,28,2946,37,4910,41,7856,California
Glenn,2021-04-06,144,12298,52,3703,53,7923,39,672,38,2917,105,5015,76,7932,California
Glenn,2021-04-07,158,12456,46,3749,58,7981,54,726,72,2957,86,5101,126,8058,California
Glenn,2021-04-08,639,13095,189,3938,416,8397,34,760,138,2630,499,5600,172,8230,California
Glenn,2021-04-09,158,13253,58,3996,84,8481,16,776,101,2690,57,5657,117,8347,California
Glenn,2021-04-10,75,13328,1,3997,63,8544,11,787,63,2752,12,5669,74,8421,California
Glenn,2021-04-11,17,13345,8,4005,4,8548,5,792,7,2754,10,5679,12,8433,California
Glenn,2021-04-12,113,13458,24,4029,60,8608,29,821,19,2708,94,5773,48,8481,California
Glenn,2021-04-13,118,13576,63,4092,55,8663,0,821,32,2655,85,5858,32,8513,California
Glenn,2021-04-14,121,13697,46,4138,75,8738,0,821,67,2668,54,5912,67,8580,California
Glenn,2021-04-15,361,14058,275,4413,86,8824,0,821,125,2557,236,6148,125,8705,California
Glenn,2021-04-16,164,14222,40,4453,124,8948,0,821,81,2555,83,6231,81,8786,California
Glenn,2021-04-17,163,14385,16,4469,147,9095,0,821,35,2468,122,6353,35,8821,California
Glenn,2021-04-18,16,14401,3,4472,13,9108,0,821,13,2478,3,6356,13,8834,California
Glenn,2021-04-19,82,14483,17,4489,65,9173,0,821,27,2451,54,6410,27,8861,California
Glenn,2021-04-20,126,14609,81,4570,45,9218,0,821,57,2439,69,6479,57,8918,California
Glenn,2021-04-21,408,15017,305,4875,103,9321,0,821,282,2595,126,6605,282,9200,California
Glenn,2021-04-22,205,15222,45,4920,160,9481,0,821,43,2477,161,6766,43,9243,California
Glenn,2021-04-23,166,15388,24,4944,142,9623,0,821,46,2404,119,6885,46,9289,California
Glenn,2021-04-24,179,15567,32,4976,147,9770,0,821,44,2313,135,7020,44,9333,California
Glenn,2021-04-25,28,15595,16,4992,12,9782,0,821,21,2327,7,7027,21,9354,California
Glenn,2021-04-26,44,15639,9,5001,35,9817,0,821,18,2319,26,7053,18,9372,California
Glenn,2021-04-27,52,15691,39,5040,8,9825,5,826,24,2320,27,7080,28,9400,California
Glenn,2021-04-28,245,15936,168,5208,66,9891,11,837,124,2334,121,7201,135,9535,California
Glenn,2021-04-29,149,16085,12,5220,136,10027,1,838,37,2260,112,7313,38,9573,California
Glenn,2021-04-30,131,16216,15,5235,115,10142,1,839,38,2206,93,7406,39,9612,California
Glenn,2021-05-01,96,16312,2,5237,93,10235,1,840,22,2155,74,7480,23,9635,California
Glenn,2021-05-02,15,16327,1,5238,8,10243,6,846,9,2164,6,7486,15,9650,California
Humboldt,2020-12-15,2,2,2,2,0,0,0,0,2,2,0,0,2,2,California
Humboldt,2020-12-16,15,17,15,17,0,0,0,0,15,17,0,0,15,17,California
Humboldt,2020-12-17,117,134,117,134,0,0,0,0,117,134,0,0,117,134,California
Humboldt,2020-12-18,176,310,176,310,0,0,0,0,176,310,0,0,176,310,California
Humboldt,2020-12-19,10,320,10,320,0,0,0,0,10,320,0,0,10,320,California
Humboldt,2020-12-20,28,348,28,348,0,0,0,0,28,348,0,0,28,348,California
Humboldt,2020-12-21,165,513,165,513,0,0,0,0,165,513,0,0,165,513,California
Humboldt,2020-12-22,296,809,296,809,0,0,0,0,296,809,0,0,296,809,California
Humboldt,2020-12-23,310,1119,262,1071,48,48,0,0,311,1120,0,0,311,1120,California
Humboldt,2020-12-24,25,1144,2,1073,23,71,0,0,25,1145,0,0,25,1145,California
Humboldt,2020-12-25,2,1146,2,1075,0,71,0,0,2,1147,0,0,2,1147,California
Humboldt,2020-12-26,6,1152,5,1080,1,72,0,0,6,1153,0,0,6,1153,California
Humboldt,2020-12-28,156,1308,145,1225,11,83,0,0,156,1309,0,0,156,1309,California
Humboldt,2020-12-29,167,1475,124,1349,43,126,0,0,167,1476,0,0,167,1476,California
Humboldt,2020-12-30,223,1698,124,1473,99,225,0,0,223,1699,0,0,223,1699,California
Humboldt,2020-12-31,242,1940,79,1552,163,388,0,0,242,1941,0,0,242,1941,California
Humboldt,2021-01-01,2,1942,1,1553,1,389,0,0,2,1943,0,0,2,1943,California
Humboldt,2021-01-02,38,1980,1,1554,37,426,0,0,38,1981,0,0,38,1981,California
Humboldt,2021-01-04,217,2197,142,1696,75,501,0,0,218,2199,0,0,218,2199,California
Humboldt,2021-01-05,128,2325,18,1714,110,611,0,0,127,2325,1,1,127,2326,California
Humboldt,2021-01-06,301,2626,203,1917,98,709,0,0,229,2493,61,62,229,2555,California
Humboldt,2021-01-07,417,3043,305,2222,112,821,0,0,304,2699,98,160,304,2859,California
Humboldt,2021-01-08,418,3461,279,2501,139,960,0,0,283,2851,131,291,283,3142,California
Humboldt,2021-01-09,69,3530,45,2546,24,984,0,0,66,2915,3,294,67,3209,California
Humboldt,2021-01-10,84,3614,84,2630,0,984,0,0,4,2839,80,374,4,3213,California
Humboldt,2021-01-11,288,3902,277,2907,11,995,0,0,72,2699,212,586,72,3285,California
Humboldt,2021-01-12,482,4384,319,3226,163,1158,0,0,298,2835,162,748,298,3583,California
Humboldt,2021-01-13,481,4865,275,3501,206,1364,0,0,304,2966,174,922,305,3888,California
Humboldt,2021-01-14,521,5386,164,3665,357,1721,0,0,465,3376,56,978,466,4354,California
Humboldt,2021-01-15,374,5760,39,3704,335,2056,0,0,357,3716,17,995,357,4711,California
Humboldt,2021-01-16,170,5930,6,3710,164,2220,0,0,169,3884,1,996,169,4880,California
Humboldt,2021-01-17,6,5936,4,3714,2,2222,0,0,6,3890,0,996,6,4886,California
Humboldt,2021-01-18,293,6229,258,3972,35,2257,0,0,143,3883,150,1146,143,5029,California
Humboldt,2021-01-19,625,6854,372,4344,253,2510,0,0,498,4260,121,1267,498,5527,California
Humboldt,2021-01-20,913,7767,403,4747,510,3020,0,0,765,4888,139,1406,767,6294,California
Humboldt,2021-01-21,957,8724,260,5007,697,3717,0,0,916,5763,41,1447,916,7210,California
Humboldt,2021-01-22,675,9399,376,5383,299,4016,0,0,667,6422,8,1455,667,7877,California
Humboldt,2021-01-23,801,10200,272,5655,529,4545,0,0,792,7206,9,1464,793,8670,California
Humboldt,2021-01-24,226,10426,1,5656,225,4770,0,0,225,7430,1,1465,225,8895,California
Humboldt,2021-01-25,303,10729,232,5888,71,4841,0,0,149,7425,154,1619,149,9044,California
Humboldt,2021-01-26,526,11255,141,6029,385,5226,0,0,478,7855,48,1667,478,9522,California
Humboldt,2021-01-27,1260,12515,587,6616,673,5899,0,0,1195,8993,58,1725,1196,10718,California
Humboldt,2021-01-28,1455,13970,633,7249,822,6721,0,0,1320,10183,132,1857,1322,12040,California
Humboldt,2021-01-29,1132,15102,546,7795,586,7307,0,0,712,10476,420,2277,713,12753,California
Humboldt,2021-01-30,974,16076,458,8253,516,7823,0,0,962,11427,12,2289,963,13716,California
Humboldt,2021-01-31,311,16387,310,8563,1,7824,0,0,310,11736,1,2290,310,14026,California
Humboldt,2021-02-01,333,16720,192,8755,141,7965,0,0,189,11782,143,2433,189,14215,California
Humboldt,2021-02-02,443,17163,74,8829,369,8334,0,0,339,12022,101,2534,341,14556,California
Humboldt,2021-02-03,656,17819,259,9088,397,8731,0,0,506,12378,150,2684,506,15062,California
Humboldt,2021-02-04,638,18457,262,9350,376,9107,0,0,441,12625,194,2878,441,15503,California
Humboldt,2021-02-05,811,19268,94,9444,717,9824,0,0,625,13064,186,3064,625,16128,California
Humboldt,2021-02-06,1055,20323,444,9888,611,10435,0,0,1014,14039,40,3104,1015,17143,California
Humboldt,2021-02-07,379,20702,9,9897,370,10805,0,0,374,14410,4,3108,375,17518,California
Humboldt,2021-02-08,325,21027,142,10039,183,10988,0,0,184,14454,140,3248,184,17702,California
Humboldt,2021-02-09,493,21520,219,10258,274,11262,0,0,179,14319,314,3562,179,17881,California
Humboldt,2021-02-10,563,22083,370,10628,193,11455,0,0,232,14225,326,3888,232,18113,California
Humboldt,2021-02-11,1293,23376,392,11020,901,12356,0,0,508,13951,782,4670,508,18621,California
Humboldt,2021-02-12,1146,24522,735,11755,411,12767,0,0,706,14217,440,5110,706,19327,California
Humboldt,2021-02-13,1501,26023,553,12308,948,13715,0,0,912,14542,587,5697,912,20239,California
Humboldt,2021-02-14,112,26135,5,12313,107,13822,0,0,109,14649,2,5699,109,20348,California
Humboldt,2021-02-15,292,26427,78,12391,214,14036,0,0,195,14747,97,5796,195,20543,California
Humboldt,2021-02-16,533,26960,117,12508,416,14452,0,0,252,14719,281,6077,253,20796,California
Humboldt,2021-02-17,452,27412,280,12788,172,14624,0,0,137,14541,315,6392,137,20933,California
Humboldt,2021-02-18,968,28380,596,13384,372,14996,0,0,229,14032,738,7130,229,21162,California
Humboldt,2021-02-19,476,28856,434,13818,42,15038,0,0,89,13737,384,7514,89,21251,California
Humboldt,2021-02-20,1585,30441,979,14797,606,15644,0,0,474,13105,1108,8622,476,21727,California
Humboldt,2021-02-21,479,30920,471,15268,8,15652,0,0,184,12995,295,8917,185,21912,California
Humboldt,2021-02-22,126,31046,92,15360,34,15686,0,0,27,12925,97,9014,27,21939,California
Humboldt,2021-02-23,173,31219,70,15430,103,15789,0,0,40,12834,131,9145,40,21979,California
Humboldt,2021-02-24,1162,32381,703,16133,459,16248,0,0,584,12841,577,9722,584,22563,California
Humboldt,2021-02-25,831,33212,316,16449,515,16763,0,0,228,12468,601,10323,228,22791,California
Humboldt,2021-02-26,2142,35354,106,16555,2036,18799,0,0,453,11239,1683,12006,454,23245,California
Humboldt,2021-02-27,1692,37046,1074,17629,618,19417,0,0,870,11293,820,12826,874,24119,California
Humboldt,2021-02-28,122,37168,11,17640,111,19528,0,0,117,11405,5,12831,117,24236,California
Humboldt,2021-03-01,258,37426,47,17687,211,19739,0,0,183,11513,75,12906,183,24419,California
Humboldt,2021-03-02,286,37712,48,17735,238,19977,0,0,156,11539,130,13036,156,24575,California
Humboldt,2021-03-03,1649,39361,1096,18831,553,20530,0,0,1220,12337,423,13459,1221,25796,California
Humboldt,2021-03-04,886,40247,111,18942,775,21305,0,0,268,11989,618,14077,270,26066,California
Humboldt,2021-03-05,935,41182,184,19126,740,22045,11,11,378,11825,553,14630,389,26455,California
Humboldt,2021-03-06,1693,42875,837,19963,807,22852,49,60,710,11602,982,15612,759,27214,California
Humboldt,2021-03-07,363,43238,295,20258,50,22902,18,78,158,11573,205,15817,176,27390,California
Humboldt,2021-03-08,257,43495,6,20264,173,23075,78,156,163,11720,94,15911,241,27631,California
Humboldt,2021-03-09,459,43954,201,20465,113,23188,145,301,215,11838,242,16153,360,27991,California
Humboldt,2021-03-10,681,44635,466,20931,62,23250,153,454,412,12133,268,16421,563,28554,California
Humboldt,2021-03-11,1432,46067,461,21392,872,24122,99,553,616,12033,814,17235,714,29268,California
Humboldt,2021-03-12,1739,47806,1083,22475,435,24557,221,774,1047,12620,684,17919,1271,30539,California
Humboldt,2021-03-13,1569,49375,1021,23496,496,25053,52,826,679,12467,884,18803,731,31270,California
Humboldt,2021-03-14,142,49517,18,23514,115,25168,9,835,28,12390,114,18917,37,31307,California
Humboldt,2021-03-15,267,49784,51,23565,196,25364,20,855,51,12245,216,19133,71,31378,California
Humboldt,2021-03-16,632,50416,200,23765,172,25536,260,1115,258,12388,373,19506,516,31894,California
Humboldt,2021-03-17,728,51144,397,24162,223,25759,108,1223,335,12439,392,19898,443,32337,California
Humboldt,2021-03-18,1730,52874,1165,25327,522,26281,43,1266,1037,12831,688,20586,1080,33417,California
Humboldt,2021-03-19,1074,53948,58,25385,702,26983,314,1580,441,12956,630,21216,755,34172,California
Humboldt,2021-03-20,1375,55323,751,26136,611,27594,13,1593,428,12453,945,22161,442,34614,California
Humboldt,2021-03-21,247,55570,33,26169,185,27779,29,1622,200,12635,47,22208,229,34843,California
Humboldt,2021-03-22,111,55681,14,26183,47,27826,50,1672,55,12685,55,22263,105,34948,California
Humboldt,2021-03-23,408,56089,40,26223,325,28151,43,1715,318,12958,88,22351,361,35309,California
Humboldt,2021-03-24,1416,57505,389,26612,979,29130,48,1763,1039,13674,369,22720,1085,36394,California
Humboldt,2021-03-25,1829,59334,1204,27816,563,29693,62,1825,944,13797,883,23603,1006,37400,California
Humboldt,2021-03-26,2033,61367,438,28254,1539,31232,56,1881,1592,15008,436,24039,1647,39047,California
Humboldt,2021-03-27,1930,63297,1438,29692,324,31556,168,2049,1064,15378,862,24901,1232,40279,California
Humboldt,2021-03-28,267,63564,81,29773,115,31671,71,2120,85,15353,182,25083,157,40436,California
Humboldt,2021-03-29,465,64029,124,29897,246,31917,95,2215,197,15377,267,25350,291,40727,California
Humboldt,2021-03-30,935,64964,303,30200,519,32436,113,2328,562,15682,369,25719,674,41401,California
Humboldt,2021-03-31,1848,66812,518,30718,1234,33670,96,2424,1396,16728,448,26167,1494,42895,California
Humboldt,2021-04-01,2095,68907,702,31420,1303,34973,90,2514,1482,17694,606,26773,1572,44467,California
Humboldt,2021-04-02,1688,70595,1097,32517,487,35460,104,2618,599,17314,1083,27856,703,45170,California
Humboldt,2021-04-03,1651,72246,1494,34011,141,35601,16,2634,659,17007,982,28838,675,45845,California
Humboldt,2021-04-04,476,72722,366,34377,101,35702,9,2643,402,17345,74,28912,412,46257,California
Humboldt,2021-04-05,755,73477,454,34831,253,35955,48,2691,436,17512,317,29229,484,46741,California
Humboldt,2021-04-06,817,74294,317,35148,366,36321,134,2825,582,17997,229,29458,714,47455,California
Humboldt,2021-04-07,1475,75769,1054,36202,283,36604,138,2963,982,18626,491,29949,1120,48575,California
Humboldt,2021-04-08,1697,77466,1081,37283,474,37078,142,3105,727,18526,969,30918,869,49444,California
Humboldt,2021-04-09,1415,78881,438,37721,825,37903,152,3257,1141,19538,274,31192,1286,50730,California
Humboldt,2021-04-10,924,79805,134,37855,616,38519,174,3431,728,20244,195,31387,901,51631,California
Humboldt,2021-04-11,635,80440,136,37991,33,38552,466,3897,125,20324,510,31897,590,52221,California
Humboldt,2021-04-12,421,80861,224,38215,75,38627,122,4019,276,20576,145,32042,397,52618,California
Humboldt,2021-04-13,579,81440,320,38535,256,38883,3,4022,545,21092,31,32073,547,53165,California
Humboldt,2021-04-14,1411,82851,1032,39567,379,39262,0,4022,1311,22304,99,32172,1311,54476,California
Humboldt,2021-04-15,1795,84646,1192,40759,599,39861,4,4026,1237,23003,540,32712,1239,55715,California
Humboldt,2021-04-16,1120,85766,514,41273,606,40467,0,4026,537,22960,580,33292,537,56252,California
Humboldt,2021-04-17,1593,87359,1272,42545,321,40788,0,4026,1011,23395,576,33868,1011,57263,California
Humboldt,2021-04-18,473,87832,340,42885,133,40921,0,4026,92,23110,377,34245,92,57355,California
Humboldt,2021-04-19,184,88016,83,42968,101,41022,0,4026,72,23072,110,34355,72,57427,California
Humboldt,2021-04-20,474,88490,133,43101,341,41363,0,4026,233,23065,240,34595,233,57660,California
Humboldt,2021-04-21,1069,89559,373,43474,696,42059,0,4026,422,22851,637,35232,423,58083,California
Humboldt,2021-04-22,850,90409,498,43972,350,42409,2,4028,429,22861,419,35651,429,58512,California
Humboldt,2021-04-23,2130,92539,292,44264,1838,44247,0,4028,302,21339,1824,37475,302,58814,California
Humboldt,2021-04-24,1004,93543,874,45138,125,44372,5,4033,350,21042,652,38127,355,59169,California
Humboldt,2021-04-25,373,93916,240,45378,133,44505,0,4033,195,21061,176,38303,195,59364,California
Humboldt,2021-04-26,264,94180,187,45565,74,44579,3,4036,79,20958,183,38486,80,59444,California
Humboldt,2021-04-27,624,94804,182,45747,424,45003,18,4054,126,20606,496,38982,144,59588,California
Humboldt,2021-04-28,1406,96210,721,46468,642,45645,43,4097,351,19947,1053,40035,394,59982,California
Humboldt,2021-04-29,1413,97623,414,46882,968,46613,31,4128,212,18992,1198,41233,243,60225,California
Humboldt,2021-04-30,844,98467,148,47030,689,47302,7,4135,130,18418,711,41944,137,60362,California
Humboldt,2021-05-01,295,98762,281,47311,13,47315,1,4136,257,18640,36,41980,258,60620,California
Humboldt,2021-05-02,84,98846,77,47388,6,47321,1,4137,78,18715,4,41984,79,60699,California
Imperial,2020-12-16,1,1,1,1,0,0,0,0,1,1,0,0,1,1,California
Imperial,2020-12-17,4,5,4,5,0,0,0,0,4,5,0,0,4,5,California
Imperial,2020-12-18,11,16,11,16,0,0,0,0,11,16,0,0,11,16,California
Imperial,2020-12-20,2,18,2,18,0,0,0,0,2,18,0,0,2,18,California
Imperial,2020-12-21,186,204,186,204,0,0,0,0,186,204,0,0,186,204,California
Imperial,2020-12-22,241,445,239,443,2,2,0,0,241,445,0,0,241,445,California
Imperial,2020-12-23,210,655,209,652,1,3,0,0,209,654,0,0,209,654,California
Imperial,2020-12-24,5,660,5,657,0,3,0,0,5,659,0,0,5,659,California
Imperial,2020-12-26,1,661,0,657,1,4,0,0,1,660,0,0,1,660,California
Imperial,2020-12-27,62,723,0,657,62,66,0,0,62,722,0,0,62,722,California
Imperial,2020-12-28,214,937,114,771,100,166,0,0,214,936,0,0,214,936,California
Imperial,2020-12-29,189,1126,36,807,153,319,0,0,189,1125,0,0,189,1125,California
Imperial,2020-12-30,366,1492,50,857,316,635,0,0,366,1491,0,0,366,1491,California
Imperial,2020-12-31,197,1689,26,883,171,806,0,0,197,1688,0,0,197,1688,California
Imperial,2021-01-01,46,1735,5,888,41,847,0,0,46,1734,0,0,46,1734,California
Imperial,2021-01-02,4,1739,0,888,4,851,0,0,4,1738,0,0,4,1738,California
Imperial,2021-01-03,90,1829,0,888,90,941,0,0,90,1828,0,0,90,1828,California
Imperial,2021-01-04,85,1914,5,893,80,1021,0,0,85,1913,0,0,85,1913,California
Imperial,2021-01-05,172,2086,13,906,159,1180,0,0,172,2085,0,0,172,2085,California
Imperial,2021-01-06,190,2276,25,931,165,1345,0,0,189,2273,1,1,189,2274,California
Imperial,2021-01-07,319,2595,9,940,310,1655,0,0,316,2586,3,4,316,2590,California
Imperial,2021-01-08,190,2785,50,990,140,1795,0,0,181,2758,9,13,181,2771,California
Imperial,2021-01-09,24,2809,21,1011,3,1798,0,0,24,2782,0,13,24,2795,California
Imperial,2021-01-10,1,2810,0,1011,1,1799,0,0,1,2783,0,13,1,2796,California
Imperial,2021-01-11,403,3213,244,1255,159,1958,0,0,175,2730,228,241,175,2971,California
Imperial,2021-01-12,404,3617,302,1557,102,2060,0,0,142,2611,261,502,142,3113,California
Imperial,2021-01-13,379,3996,132,1689,247,2307,0,0,280,2792,99,601,280,3393,California
Imperial,2021-01-14,260,4256,151,1840,109,2416,0,0,254,3041,5,606,254,3647,California
Imperial,2021-01-15,240,4496,182,2022,58,2474,0,0,233,3267,7,613,233,3880,California
Imperial,2021-01-16,77,4573,73,2095,4,2478,0,0,76,3342,1,614,76,3956,California
Imperial,2021-01-17,10,4583,2,2097,8,2486,0,0,10,3352,0,614,10,3966,California
Imperial,2021-01-18,1055,5638,400,2497,655,3141,0,0,957,4212,98,712,958,4924,California
Imperial,2021-01-19,165,5803,129,2626,36,3177,0,0,118,4283,47,759,118,5042,California
Imperial,2021-01-20,292,6095,195,2821,97,3274,0,0,254,4499,38,797,254,5296,California
Imperial,2021-01-21,415,6510,183,3004,232,3506,0,0,395,4874,20,817,395,5691,California
Imperial,2021-01-22,457,6967,189,3193,268,3774,0,0,448,5313,9,826,448,6139,California
Imperial,2021-01-23,1041,8008,290,3483,751,4525,0,0,1040,6352,1,827,1040,7179,California
Imperial,2021-01-24,11,8019,4,3487,7,4532,0,0,11,6363,0,827,11,7190,California
Imperial,2021-01-25,213,8232,5,3492,208,4740,0,0,34,6219,178,1005,34,7224,California
Imperial,2021-01-26,360,8592,185,3677,175,4915,0,0,217,6293,143,1148,217,7441,California
Imperial,2021-01-27,570,9162,162,3839,408,5323,0,0,237,6197,333,1481,237,7678,California
Imperial,2021-01-28,632,9794,159,3998,473,5796,0,0,525,6615,107,1588,525,8203,California
Imperial,2021-01-29,423,10217,296,4294,127,5923,0,0,373,6938,50,1638,373,8576,California
Imperial,2021-01-30,56,10273,31,4325,25,5948,0,0,39,6960,17,1655,39,8615,California
Imperial,2021-01-31,17,10290,7,4332,10,5958,0,0,16,6975,1,1656,16,8631,California
Imperial,2021-02-01,419,10709,53,4385,366,6324,0,0,208,6974,209,1865,208,8839,California
Imperial,2021-02-02,680,11389,54,4439,626,6950,0,0,499,7292,181,2046,499,9338,California
Imperial,2021-02-03,457,11846,48,4487,409,7359,0,0,264,7364,192,2238,264,9602,California
Imperial,2021-02-04,1720,13566,1200,5687,520,7879,0,0,1406,8458,312,2550,1406,11008,California
Imperial,2021-02-05,388,13954,240,5927,148,8027,0,0,152,8376,234,2784,152,11160,California
Imperial,2021-02-06,861,14815,838,6765,23,8050,0,0,824,9164,36,2820,824,11984,California
Imperial,2021-02-07,21,14836,9,6774,12,8062,0,0,20,9183,1,2821,20,12004,California
Imperial,2021-02-08,250,15086,42,6816,208,8270,0,0,182,9297,68,2889,182,12186,California
Imperial,2021-02-09,462,15548,146,6962,316,8586,0,0,304,9443,158,3047,304,12490,California
Imperial,2021-02-10,384,15932,56,7018,328,8914,0,0,94,9248,290,3337,95,12585,California
Imperial,2021-02-11,463,16395,259,7277,204,9118,0,0,89,8963,374,3711,89,12674,California
Imperial,2021-02-12,2129,18524,1411,8688,718,9836,0,0,1777,10389,351,4062,1777,14451,California
Imperial,2021-02-13,42,18566,18,8706,24,9860,0,0,34,10416,8,4070,35,14486,California
Imperial,2021-02-14,24,18590,12,8718,12,9872,0,0,21,10434,3,4073,21,14507,California
Imperial,2021-02-15,30,18620,10,8728,20,9892,0,0,23,10450,7,4080,23,14530,California
Imperial,2021-02-16,515,19135,267,8995,248,10140,0,0,293,10521,222,4302,293,14823,California
Imperial,2021-02-17,439,19574,285,9280,154,10294,0,0,83,10248,356,4658,83,14906,California
Imperial,2021-02-18,646,20220,308,9588,338,10632,0,0,140,9884,504,5162,140,15046,California
Imperial,2021-02-19,766,20986,381,9969,385,11017,0,0,192,9503,573,5735,192,15238,California
Imperial,2021-02-20,1039,22025,191,10160,848,11865,0,0,325,9117,713,6448,327,15565,California
Imperial,2021-02-21,588,22613,554,10714,34,11899,0,0,577,9684,10,6458,577,16142,California
Imperial,2021-02-22,809,23422,569,11283,240,12139,0,0,759,10393,50,6508,759,16901,California
Imperial,2021-02-23,957,24379,392,11675,565,12704,0,0,905,11246,52,6560,905,17806,California
Imperial,2021-02-24,699,25078,284,11959,415,13119,0,0,602,11752,96,6656,602,18408,California
Imperial,2021-02-25,815,25893,337,12296,478,13597,0,0,449,11841,365,7021,454,18862,California
Imperial,2021-02-26,1744,27637,1351,13647,393,13990,0,0,1569,13238,173,7194,1570,20432,California
Imperial,2021-02-27,859,28496,810,14457,49,14039,0,0,121,12622,738,7932,122,20554,California
Imperial,2021-02-28,30,28526,20,14477,10,14049,0,0,20,12632,10,7942,20,20574,California
Imperial,2021-03-01,493,29019,294,14771,198,14247,1,1,428,12999,63,8005,430,21004,California
Imperial,2021-03-02,673,29692,246,15017,427,14674,0,1,384,13096,289,8294,386,21390,California
Imperial,2021-03-03,925,30617,47,15064,877,15551,1,2,556,13298,366,8660,568,21958,California
Imperial,2021-03-04,746,31363,76,15140,669,16220,1,3,485,13554,259,8919,515,22473,California
Imperial,2021-03-05,2570,33933,1937,17077,633,16853,0,3,1245,13479,1322,10241,1247,23720,California
Imperial,2021-03-06,689,34622,237,17314,452,17305,0,3,648,14093,38,10279,652,24372,California
Imperial,2021-03-07,73,34695,40,17354,33,17338,0,3,53,14127,20,10299,54,24426,California
Imperial,2021-03-08,413,35108,330,17684,48,17386,35,38,361,14471,52,10351,396,24822,California
Imperial,2021-03-09,681,35789,310,17994,125,17511,246,284,397,14830,284,10635,643,25465,California
Imperial,2021-03-10,682,36471,312,18306,267,17778,103,387,319,14891,362,10997,423,25888,California
Imperial,2021-03-11,1787,38258,478,18784,1117,18895,192,579,1186,15680,600,11597,1389,27277,California
Imperial,2021-03-12,3700,41958,2539,21323,976,19871,185,764,2102,16372,1596,13193,2288,29565,California
Imperial,2021-03-13,1141,43099,90,21413,828,20699,223,987,855,17169,284,13477,1081,30646,California
Imperial,2021-03-14,169,43268,31,21444,126,20825,12,999,139,17291,30,13507,152,30798,California
Imperial,2021-03-15,670,43938,214,21658,198,21023,258,1257,374,17629,294,13801,632,31430,California
Imperial,2021-03-16,1070,45008,276,21934,341,21364,453,1710,533,18080,535,14336,986,32416,California
Imperial,2021-03-17,1572,46580,691,22625,744,22108,137,1847,994,18637,575,14911,1132,33548,California
Imperial,2021-03-18,1779,48359,1175,23800,544,22652,60,1907,1251,19424,526,15437,1313,34861,California
Imperial,2021-03-19,3337,51696,2446,26246,887,23539,4,1911,1500,19100,1829,17266,1505,36366,California
Imperial,2021-03-20,866,52562,551,26797,310,23849,5,1916,421,19091,441,17707,432,36798,California
Imperial,2021-03-21,217,52779,35,26832,178,24027,4,1920,159,19200,58,17765,167,36965,California
Imperial,2021-03-22,1046,53825,339,27171,700,24727,7,1927,623,19409,422,18187,631,37596,California
Imperial,2021-03-23,1389,55214,411,27582,971,25698,7,1934,889,19810,497,18684,898,38494,California
Imperial,2021-03-24,1870,57084,542,28124,901,26599,427,2361,900,20168,968,19652,1326,39820,California
Imperial,2021-03-25,2887,59971,505,28629,883,27482,1499,3860,1015,20809,1868,21520,2509,42329,California
Imperial,2021-03-26,2482,62453,877,29506,734,28216,871,4731,773,20752,1702,23222,1645,43974,California
Imperial,2021-03-27,578,63031,265,29771,261,28477,52,4783,418,21065,157,23379,470,44444,California
Imperial,2021-03-28,209,63240,51,29822,156,28633,2,4785,172,21203,36,23415,174,44618,California
Imperial,2021-03-29,1210,64450,346,30168,390,29023,474,5259,314,21098,894,24309,789,45407,California
Imperial,2021-03-30,1817,66267,675,30843,591,29614,551,5810,674,21181,1143,25452,1226,46633,California
Imperial,2021-03-31,1525,67792,714,31557,806,30420,5,5815,1008,21678,515,25967,1012,47645,California
Imperial,2021-04-01,1877,69669,464,32021,1171,31591,242,6057,815,21678,1056,27023,1056,48701,California
Imperial,2021-04-02,1261,70930,448,32469,739,32330,74,6131,746,21984,513,27536,819,49520,California
Imperial,2021-04-03,1494,72424,406,32875,1009,33339,79,6210,687,21947,803,28339,766,50286,California
Imperial,2021-04-04,84,72508,40,32915,28,33367,16,6226,25,21929,59,28398,41,50327,California
Imperial,2021-04-05,2109,74617,1279,34194,763,34130,67,6293,401,20697,1701,30099,469,50796,California
Imperial,2021-04-06,1289,75906,526,34720,574,34704,189,6482,678,20957,608,30707,868,51664,California
Imperial,2021-04-07,2147,78053,549,35269,1222,35926,376,6858,1537,22264,606,31313,1913,53577,California
Imperial,2021-04-08,2183,80236,1068,36337,821,36747,294,7152,1075,22527,1105,32418,1368,54945,California
Imperial,2021-04-09,2140,82376,632,36969,892,37639,616,7768,830,22667,1306,33724,1446,56391,California
Imperial,2021-04-10,1275,83651,183,37152,821,38460,271,8039,214,22091,1059,34783,483,56874,California
Imperial,2021-04-11,216,83867,29,37181,155,38615,32,8071,74,22055,142,34925,106,56980,California
Imperial,2021-04-12,1396,85263,761,37942,429,39044,206,8277,792,22456,600,35525,1001,57981,California
Imperial,2021-04-13,2259,87522,1441,39383,816,39860,2,8279,1580,23363,675,36200,1582,59563,California
Imperial,2021-04-14,1992,89514,940,40323,1052,40912,0,8279,1411,24199,576,36776,1412,60975,California
Imperial,2021-04-15,1920,91434,878,41201,1042,41954,0,8279,1341,24965,576,37352,1342,62317,California
Imperial,2021-04-16,2150,93584,1075,42276,1075,43029,0,8279,1271,25361,875,38227,1271,63588,California
Imperial,2021-04-17,1746,95330,875,43151,869,43898,2,8281,1380,26382,362,38589,1383,64971,California
Imperial,2021-04-18,250,95580,69,43220,181,44079,0,8281,90,26313,159,38748,90,65061,California
Imperial,2021-04-19,798,96378,250,43470,548,44627,0,8281,460,26440,337,39085,464,65525,California
Imperial,2021-04-20,1277,97655,513,43983,764,45391,0,8281,751,26668,523,39608,751,66276,California
Imperial,2021-04-21,1284,98939,324,44307,960,46351,0,8281,781,26949,500,40108,781,67057,California
Imperial,2021-04-22,1818,100757,771,45078,1047,47398,0,8281,1309,27756,504,40612,1311,68368,California
Imperial,2021-04-23,1478,102235,400,45478,1078,48476,0,8281,832,27953,639,41251,836,69204,California
Imperial,2021-04-24,516,102751,301,45779,215,48691,0,8281,203,27845,311,41562,203,69407,California
Imperial,2021-04-25,263,103014,96,45875,167,48858,0,8281,135,27853,127,41689,135,69542,California
Imperial,2021-04-26,985,103999,435,46310,547,49405,3,8284,652,28177,331,42020,655,70197,California
Imperial,2021-04-27,890,104889,337,46647,545,49950,8,8292,467,28229,423,42443,475,70672,California
Imperial,2021-04-28,1206,106095,509,47156,671,50621,26,8318,609,28270,594,43037,635,71307,California
Imperial,2021-04-29,1501,107596,742,47898,740,51361,19,8337,675,28143,821,43858,694,72001,California
Imperial,2021-04-30,1018,108614,569,48467,428,51789,21,8358,811,28772,203,44061,832,72833,California
Imperial,2021-05-01,150,108764,99,48566,49,51838,2,8360,117,28858,33,44094,119,72952,California
Imperial,2021-05-02,30,108794,6,48572,22,51860,2,8362,24,28878,6,44100,26,72978,California
Inyo,2020-12-19,85,85,85,85,0,0,0,0,85,85,0,0,85,85,California
Inyo,2020-12-20,58,143,58,143,0,0,0,0,58,143,0,0,58,143,California
Inyo,2020-12-21,88,231,85,228,3,3,0,0,88,231,0,0,88,231,California
Inyo,2020-12-22,105,336,105,333,0,3,0,0,105,336,0,0,105,336,California
Inyo,2020-12-23,70,406,67,400,3,6,0,0,70,406,0,0,70,406,California
Inyo,2020-12-24,16,422,16,416,0,6,0,0,16,422,0,0,16,422,California
Inyo,2020-12-25,1,423,0,416,1,7,0,0,1,423,0,0,1,423,California
Inyo,2020-12-26,74,497,74,490,0,7,0,0,74,497,0,0,74,497,California
Inyo,2020-12-28,48,545,36,526,12,19,0,0,48,545,0,0,48,545,California
Inyo,2020-12-29,20,565,20,546,0,19,0,0,20,565,0,0,20,565,California
Inyo,2020-12-30,56,621,54,600,2,21,0,0,56,621,0,0,56,621,California
Inyo,2020-12-31,29,650,0,600,29,50,0,0,29,650,0,0,29,650,California
Inyo,2021-01-01,1,651,0,600,1,51,0,0,1,651,0,0,1,651,California
Inyo,2021-01-03,1,652,0,600,1,52,0,0,1,652,0,0,1,652,California
Inyo,2021-01-04,1,653,1,601,0,52,0,0,1,653,0,0,1,653,California
Inyo,2021-01-05,34,687,0,601,34,86,0,0,34,687,0,0,34,687,California
Inyo,2021-01-06,68,755,0,601,68,154,0,0,68,755,0,0,68,755,California
Inyo,2021-01-07,31,786,1,602,30,184,0,0,31,786,0,0,31,786,California
Inyo,2021-01-08,9,795,8,610,1,185,0,0,4,786,5,5,5,791,California
Inyo,2021-01-09,87,882,86,696,1,186,0,0,1,701,86,91,1,792,California
Inyo,2021-01-10,52,934,52,748,0,186,0,0,0,649,52,143,0,792,California
Inyo,2021-01-11,97,1031,82,830,15,201,0,0,16,584,81,224,16,808,California
Inyo,2021-01-12,139,1170,118,948,21,222,0,0,28,501,111,335,28,836,California
Inyo,2021-01-13,86,1256,68,1016,18,240,0,0,21,458,65,400,22,858,California
Inyo,2021-01-14,59,1315,13,1029,46,286,0,0,49,497,10,410,49,907,California
Inyo,2021-01-15,163,1478,28,1057,135,421,0,0,163,660,0,410,163,1070,California
Inyo,2021-01-16,74,1552,73,1130,1,422,0,0,1,588,73,483,1,1071,California
Inyo,2021-01-18,58,1610,36,1166,22,444,0,0,19,568,39,522,19,1090,California
Inyo,2021-01-19,115,1725,72,1238,43,487,0,0,99,651,16,538,99,1189,California
Inyo,2021-01-20,146,1871,70,1308,76,563,0,0,92,689,54,592,92,1281,California
Inyo,2021-01-21,121,1992,57,1365,64,627,0,0,120,808,1,593,120,1401,California
Inyo,2021-01-22,62,2054,0,1365,62,689,0,0,61,868,1,594,61,1462,California
Inyo,2021-01-23,52,2106,52,1417,0,689,0,0,52,920,0,594,52,1514,California
Inyo,2021-01-25,49,2155,6,1423,43,732,0,0,37,945,12,606,37,1551,California
Inyo,2021-01-26,135,2290,54,1477,81,813,0,0,129,1068,6,612,129,1680,California
Inyo,2021-01-27,23,2313,2,1479,21,834,0,0,22,1089,1,613,22,1702,California
Inyo,2021-01-28,92,2405,2,1481,90,924,0,0,63,1123,29,642,63,1765,California
Inyo,2021-01-29,25,2430,3,1484,22,946,0,0,23,1144,2,644,23,1788,California
Inyo,2021-01-30,11,2441,1,1485,10,956,0,0,11,1155,0,644,11,1799,California
Inyo,2021-01-31,32,2473,4,1489,28,984,0,0,4,1131,28,672,4,1803,California
Inyo,2021-02-01,11,2484,9,1498,2,986,0,0,1,1122,10,682,1,1804,California
Inyo,2021-02-02,130,2614,14,1512,116,1102,0,0,104,1200,26,708,104,1908,California
Inyo,2021-02-03,116,2730,0,1512,116,1218,0,0,74,1232,42,750,74,1982,California
Inyo,2021-02-04,149,2879,31,1543,118,1336,0,0,90,1263,59,809,90,2072,California
Inyo,2021-02-05,118,2997,62,1605,56,1392,0,0,116,1377,2,811,116,2188,California
Inyo,2021-02-06,4,3001,2,1607,2,1394,0,0,3,1379,1,812,3,2191,California
Inyo,2021-02-07,4,3005,2,1609,2,1396,0,0,4,1383,0,812,4,2195,California
Inyo,2021-02-08,117,3122,7,1616,110,1506,0,0,97,1460,20,832,97,2292,California
Inyo,2021-02-09,194,3316,51,1667,143,1649,0,0,123,1512,71,903,123,2415,California
Inyo,2021-02-10,143,3459,18,1685,125,1774,0,0,109,1587,34,937,109,2524,California
Inyo,2021-02-11,220,3679,56,1741,164,1938,0,0,126,1619,94,1031,126,2650,California
Inyo,2021-02-12,298,3977,51,1792,247,2185,0,0,167,1655,131,1162,167,2817,California
Inyo,2021-02-13,60,4037,55,1847,5,2190,0,0,8,1611,52,1214,8,2825,California
Inyo,2021-02-14,1,4038,0,1847,1,2191,0,0,1,1612,0,1214,1,2826,California
Inyo,2021-02-15,29,4067,9,1856,20,2211,0,0,5,1593,24,1238,5,2831,California
Inyo,2021-02-16,180,4247,50,1906,130,2341,0,0,92,1597,88,1326,92,2923,California
Inyo,2021-02-17,37,4284,4,1910,33,2374,0,0,7,1574,30,1356,7,2930,California
Inyo,2021-02-18,123,4407,6,1916,117,2491,0,0,79,1609,44,1400,79,3009,California
Inyo,2021-02-19,52,4459,4,1920,48,2539,0,0,9,1575,43,1443,9,3018,California
Inyo,2021-02-20,504,4963,500,2420,4,2543,0,0,502,2075,2,1445,502,3520,California
Inyo,2021-02-21,267,5230,267,2687,0,2543,0,0,267,2342,0,1445,267,3787,California
Inyo,2021-02-22,61,5291,19,2706,42,2585,0,0,27,2335,34,1479,27,3814,California
Inyo,2021-02-23,198,5489,20,2726,178,2763,0,0,94,2326,103,1582,94,3908,California
Inyo,2021-02-24,117,5606,0,2726,117,2880,0,0,57,2323,60,1642,57,3965,California
Inyo,2021-02-25,130,5736,3,2729,127,3007,0,0,62,2317,68,1710,62,4027,California
Inyo,2021-02-26,104,5840,61,2790,43,3050,0,0,19,2251,85,1795,19,4046,California
Inyo,2021-02-27,15,5855,4,2794,11,3061,0,0,3,2242,12,1807,3,4049,California
Inyo,2021-02-28,3,5858,1,2795,2,3063,0,0,2,2243,1,1808,2,4051,California
Inyo,2021-03-01,20,5878,2,2797,18,3081,0,0,17,2257,3,1811,17,4068,California
Inyo,2021-03-02,195,6073,1,2798,194,3275,0,0,111,2284,84,1895,111,4179,California
Inyo,2021-03-03,83,6156,2,2800,81,3356,0,0,40,2281,43,1938,40,4219,California
Inyo,2021-03-04,128,6284,4,2804,124,3480,0,0,46,2245,82,2020,46,4265,California
Inyo,2021-03-05,141,6425,56,2860,85,3565,0,0,38,2180,103,2123,38,4303,California
Inyo,2021-03-06,31,6456,1,2861,30,3595,0,0,30,2209,1,2124,30,4333,California
Inyo,2021-03-07,7,6463,4,2865,3,3598,0,0,5,2212,2,2126,5,4338,California
Inyo,2021-03-08,182,6645,5,2870,177,3775,0,0,91,2212,91,2217,91,4429,California
Inyo,2021-03-09,186,6831,2,2872,184,3959,0,0,71,2168,115,2332,71,4500,California
Inyo,2021-03-10,70,6901,8,2880,61,4020,1,1,30,2159,40,2372,31,4531,California
Inyo,2021-03-11,203,7104,1,2881,197,4217,5,6,73,2107,130,2502,78,4609,California
Inyo,2021-03-12,175,7279,4,2885,166,4383,5,11,77,2091,98,2600,82,4691,California
Inyo,2021-03-13,576,7855,541,3426,25,4408,10,21,77,1680,498,3098,87,4778,California
Inyo,2021-03-14,431,8286,430,3856,1,4409,0,21,168,1586,262,3360,168,4946,California
Inyo,2021-03-15,51,8337,15,3871,34,4443,2,23,30,1597,21,3381,32,4978,California
Inyo,2021-03-16,163,8500,4,3875,153,4596,6,29,63,1567,99,3480,69,5047,California
Inyo,2021-03-17,107,8607,3,3878,97,4693,7,36,92,1651,15,3495,99,5146,California
Inyo,2021-03-18,183,8790,15,3893,161,4854,7,43,103,1681,80,3575,110,5256,California
Inyo,2021-03-19,46,8836,4,3897,38,4892,4,47,36,1711,10,3585,40,5296,California
Inyo,2021-03-20,20,8856,1,3898,10,4902,9,56,1,1702,19,3604,10,5306,California
Inyo,2021-03-22,59,8915,2,3900,52,4954,5,61,39,1726,20,3624,44,5350,California
Inyo,2021-03-23,194,9109,4,3904,186,5140,4,65,104,1744,90,3714,108,5458,California
Inyo,2021-03-24,140,9249,3,3907,133,5273,4,69,87,1782,53,3767,91,5549,California
Inyo,2021-03-25,325,9574,104,4011,217,5490,4,73,259,1979,66,3833,263,5812,California
Inyo,2021-03-26,91,9665,3,4014,84,5574,4,77,71,2034,20,3853,75,5887,California
Inyo,2021-03-27,52,9717,44,4058,5,5579,3,80,46,2077,6,3859,49,5936,California
Inyo,2021-03-28,4,9721,1,4059,2,5581,1,81,1,2076,3,3862,2,5938,California
Inyo,2021-03-29,109,9830,2,4061,102,5683,5,86,82,2137,26,3888,87,6025,California
Inyo,2021-03-30,211,10041,2,4063,204,5887,5,91,101,2133,110,3998,106,6131,California
Inyo,2021-03-31,147,10188,4,4067,138,6025,5,96,106,2203,41,4039,111,6242,California
Inyo,2021-04-01,164,10352,4,4071,159,6184,1,97,115,2270,49,4088,116,6358,California
Inyo,2021-04-02,81,10433,1,4072,78,6262,2,99,52,2295,29,4117,54,6412,California
Inyo,2021-04-03,94,10527,47,4119,33,6295,14,113,6,2228,86,4203,19,6431,California
Inyo,2021-04-04,5,10532,4,4123,0,6295,1,114,1,2226,4,4207,2,6433,California
Inyo,2021-04-05,117,10649,1,4124,112,6407,4,118,29,2171,88,4295,33,6466,California
Inyo,2021-04-06,235,10884,6,4130,166,6573,63,181,104,2207,131,4426,167,6633,California
Inyo,2021-04-07,200,11084,2,4132,72,6645,126,307,44,2221,156,4582,170,6803,California
Inyo,2021-04-08,177,11261,15,4147,145,6790,17,324,80,2221,97,4679,97,6900,California
Inyo,2021-04-09,124,11385,6,4153,95,6885,23,347,37,2195,86,4765,60,6960,California
Inyo,2021-04-10,42,11427,1,4154,24,6909,17,364,3,2176,39,4804,20,6980,California
Inyo,2021-04-11,1,11428,0,4154,1,6910,0,364,1,2177,0,4804,1,6981,California
Inyo,2021-04-12,80,11508,0,4154,75,6985,5,369,41,2184,39,4843,46,7027,California
Inyo,2021-04-13,119,11627,3,4157,113,7098,3,372,61,2191,57,4900,64,7091,California
Inyo,2021-04-14,121,11748,2,4159,119,7217,0,372,38,2146,83,4983,38,7129,California
Inyo,2021-04-15,261,12009,102,4261,159,7376,0,372,82,2049,179,5162,82,7211,California
Inyo,2021-04-16,49,12058,6,4267,43,7419,0,372,21,2042,28,5190,21,7232,California
Inyo,2021-04-17,2,12060,1,4268,1,7420,0,372,1,2042,1,5191,1,7233,California
Inyo,2021-04-19,130,12190,43,4311,87,7507,0,372,44,2000,86,5277,44,7277,California
Inyo,2021-04-20,164,12354,3,4314,161,7668,0,372,81,1998,83,5360,81,7358,California
Inyo,2021-04-21,113,12467,4,4318,109,7777,0,372,32,1949,81,5441,32,7390,California
Inyo,2021-04-22,195,12662,1,4319,194,7971,0,372,52,1858,143,5584,52,7442,California
Inyo,2021-04-23,95,12757,4,4323,91,8062,0,372,22,1807,73,5657,22,7464,California
Inyo,2021-04-24,310,13067,309,4632,1,8063,0,372,305,2107,5,5662,305,7769,California
Inyo,2021-04-25,135,13202,134,4766,1,8064,0,372,135,2242,0,5662,135,7904,California
Inyo,2021-04-26,67,13269,0,4766,66,8130,1,373,8,2192,59,5721,9,7913,California
Inyo,2021-04-27,160,13429,7,4773,148,8278,5,378,47,2131,113,5834,52,7965,California
Inyo,2021-04-28,113,13542,2,4775,111,8389,0,378,17,2052,96,5930,17,7982,California
Inyo,2021-04-29,162,13704,51,4826,110,8499,1,379,74,2039,88,6018,75,8057,California
Inyo,2021-04-30,38,13742,4,4830,32,8531,2,381,13,2029,25,6043,15,8072,California
Inyo,2021-05-01,10,13752,2,4832,8,8539,0,381,8,2035,2,6045,8,8080,California
Inyo,2021-05-02,5,13757,1,4833,2,8541,2,383,3,2038,2,6047,5,8085,California
Kern,2020-12-15,1,1,1,1,0,0,0,0,1,1,0,0,1,1,California
Kern,2020-12-16,18,19,18,19,0,0,0,0,18,19,0,0,18,19,California
Kern,2020-12-17,163,182,163,182,0,0,0,0,163,182,0,0,163,182,California
Kern,2020-12-18,322,504,322,504,0,0,0,0,322,504,0,0,322,504,California
Kern,2020-12-19,98,602,98,602,0,0,0,0,99,603,0,0,99,603,California
Kern,2020-12-20,61,663,61,663,0,0,0,0,61,664,0,0,61,664,California
Kern,2020-12-21,671,1334,670,1333,1,1,0,0,671,1335,0,0,671,1335,California
Kern,2020-12-22,531,1865,528,1861,3,4,0,0,531,1866,0,0,531,1866,California
Kern,2020-12-23,558,2423,419,2280,139,143,0,0,558,2424,0,0,558,2424,California
Kern,2020-12-24,122,2545,43,2323,79,222,0,0,122,2546,0,0,122,2546,California
Kern,2020-12-25,1,2546,1,2324,0,222,0,0,1,2547,0,0,1,2547,California
Kern,2020-12-26,33,2579,1,2325,32,254,0,0,33,2580,0,0,33,2580,California
Kern,2020-12-27,35,2614,3,2328,32,286,0,0,35,2615,0,0,35,2615,California
Kern,2020-12-28,823,3437,659,2987,164,450,0,0,823,3438,0,0,823,3438,California
Kern,2020-12-29,745,4182,452,3439,293,743,0,0,744,4181,1,1,744,4182,California
Kern,2020-12-30,1200,5382,908,4347,292,1035,0,0,1200,5381,0,1,1200,5382,California
Kern,2020-12-31,277,5659,99,4446,178,1213,0,0,277,5658,0,1,277,5659,California
Kern,2021-01-01,13,5672,6,4452,7,1220,0,0,13,5671,0,1,13,5672,California
Kern,2021-01-02,78,5750,18,4470,60,1280,0,0,78,5749,0,1,78,5750,California
Kern,2021-01-03,23,5773,4,4474,19,1299,0,0,23,5772,0,1,23,5773,California
Kern,2021-01-04,553,6326,360,4834,193,1492,0,0,553,6325,0,1,553,6326,California
Kern,2021-01-05,1132,7458,738,5572,394,1886,0,0,1120,7433,12,13,1120,7446,California
Kern,2021-01-06,1166,8624,455,6027,711,2597,0,0,1136,8539,30,43,1136,8582,California
Kern,2021-01-07,1406,10030,493,6520,913,3510,0,0,1238,9610,167,210,1238,9820,California
Kern,2021-01-08,1628,11658,768,7288,860,4370,0,0,1330,10642,299,509,1331,11151,California
Kern,2021-01-09,225,11883,76,7364,149,4519,0,0,191,10799,34,543,191,11342,California
Kern,2021-01-10,194,12077,147,7511,47,4566,0,0,153,10911,41,584,153,11495,California
Kern,2021-01-11,1554,13631,983,8494,571,5137,0,0,999,11355,555,1139,999,12494,California
Kern,2021-01-12,1869,15500,810,9304,1059,6196,0,0,1358,12202,511,1650,1358,13852,California
Kern,2021-01-13,1853,17353,869,10173,984,7180,0,0,1431,13211,422,2072,1431,15283,California
Kern,2021-01-14,2182,19535,645,10818,1537,8717,0,0,2137,15302,46,2118,2137,17420,California
Kern,2021-01-15,2701,22236,857,11675,1844,10561,0,0,2604,17812,95,2213,2605,20025,California
Kern,2021-01-16,671,22907,213,11888,458,11019,0,0,636,18413,35,2248,636,20661,California
Kern,2021-01-17,73,22980,7,11895,66,11085,0,0,71,18482,2,2250,71,20732,California
Kern,2021-01-18,1642,24622,657,12552,985,12070,0,0,1474,19788,168,2418,1474,22206,California
Kern,2021-01-19,1851,26473,1032,13584,819,12889,0,0,1384,20706,467,2885,1385,23591,California
Kern,2021-01-20,2448,28921,1514,15098,934,13823,0,0,1823,21911,620,3505,1825,25416,California
Kern,2021-01-21,2166,31087,920,16018,1246,15069,0,0,1969,23684,196,3701,1969,27385,California
Kern,2021-01-22,2705,33792,1288,17306,1417,16486,0,0,2430,25840,274,3975,2430,29815,California
Kern,2021-01-23,1245,35037,535,17841,710,17196,0,0,1199,26993,46,4021,1199,31014,California
Kern,2021-01-24,160,35197,18,17859,142,17338,0,0,154,27141,6,4027,154,31168,California
Kern,2021-01-25,2383,37580,1084,18943,1299,18637,0,0,1900,28560,482,4509,1901,33069,California
Kern,2021-01-26,2765,40345,1125,20068,1640,20277,0,0,1909,29614,855,5364,1909,34978,California
Kern,2021-01-27,3556,43901,1901,21969,1655,21932,0,0,2856,31773,697,6061,2856,37834,California
Kern,2021-01-28,2861,46762,1352,23321,1509,23441,0,0,2428,33776,428,6489,2431,40265,California
Kern,2021-01-29,3767,50529,1801,25122,1966,25407,0,0,3224,36460,540,7029,3224,43489,California
Kern,2021-01-30,1324,51853,496,25618,828,26235,0,0,1277,37692,45,7074,1277,44766,California
Kern,2021-01-31,402,52255,275,25893,127,26362,0,0,267,37824,135,7209,267,45033,California
Kern,2021-02-01,2409,54664,818,26711,1591,27953,0,0,1858,39135,548,7757,1859,46892,California
Kern,2021-02-02,2922,57586,973,27684,1949,29902,0,0,2059,40332,863,8620,2060,48952,California
Kern,2021-02-03,3653,61239,1548,29232,2105,32007,0,0,2686,42058,960,9580,2686,51638,California
Kern,2021-02-04,3802,65041,1451,30683,2351,34358,0,0,2587,43441,1204,10784,2587,54225,California
Kern,2021-02-05,4847,69888,1988,32671,2859,37217,0,0,3090,44793,1738,12522,3090,57315,California
Kern,2021-02-06,1734,71622,766,33437,968,38185,0,0,1511,46084,220,12742,1511,58826,California
Kern,2021-02-07,284,71906,151,33588,133,38318,0,0,268,46338,14,12756,268,59094,California
Kern,2021-02-08,2560,74466,787,34375,1773,40091,0,0,1256,46309,1286,14042,1257,60351,California
Kern,2021-02-09,3038,77504,986,35361,2052,42143,0,0,1469,46216,1562,15604,1469,61820,California
Kern,2021-02-10,3783,81287,1657,37018,2126,44269,0,0,1895,46240,1872,17476,1896,63716,California
Kern,2021-02-11,4258,85545,1538,38556,2720,46989,0,0,2227,46449,2018,19494,2227,65943,California
Kern,2021-02-12,4947,90492,1890,40446,3057,50046,0,0,2481,46478,2452,21946,2481,68424,California
Kern,2021-02-13,2008,92500,726,41172,1282,51328,0,0,1165,46802,841,22787,1165,69589,California
Kern,2021-02-14,351,92851,12,41184,339,51667,0,0,270,46992,80,22867,270,69859,California
Kern,2021-02-15,2738,95589,889,42073,1849,53516,0,0,1209,46680,1521,24388,1209,71068,California
Kern,2021-02-16,2943,98532,719,42792,2224,55740,0,0,1654,47056,1279,25667,1655,72723,California
Kern,2021-02-17,4066,102598,2076,44868,1990,57730,0,0,1930,46856,2131,27798,1931,74654,California
Kern,2021-02-18,3750,106348,1480,46348,2270,60000,0,0,1617,46353,2120,29918,1617,76271,California
Kern,2021-02-19,4197,110545,1916,48264,2281,62281,0,0,1741,45646,2448,32366,1741,78012,California
Kern,2021-02-20,2570,113115,967,49231,1603,63884,0,0,1339,45757,1228,33594,1339,79351,California
Kern,2021-02-21,247,113362,141,49372,106,63990,0,0,86,45684,159,33753,86,79437,California
Kern,2021-02-22,2656,116018,1148,50520,1508,65498,0,0,1424,45881,1227,34980,1424,80861,California
Kern,2021-02-23,3543,119561,1121,51641,2422,67920,0,0,1977,46295,1564,36544,1978,82839,California
Kern,2021-02-24,5162,124723,2267,53908,2895,70815,0,0,3077,47291,2081,38625,3077,85916,California
Kern,2021-02-25,5352,130075,2445,56353,2907,73722,0,0,3176,48309,2158,40783,3176,89092,California
Kern,2021-02-26,6884,136959,3518,59871,3366,77088,0,0,4357,50147,2520,43303,4358,93450,California
Kern,2021-02-27,3851,140810,1892,61763,1959,79047,0,0,2517,51337,1327,44630,2517,95967,California
Kern,2021-02-28,909,141719,498,62261,410,79457,1,1,690,51811,217,44847,691,96658,California
Kern,2021-03-01,3984,145703,1806,64067,2177,81634,1,2,2691,53218,1285,46132,2692,99350,California
Kern,2021-03-02,4370,150073,1373,65440,2996,84630,1,3,2866,54591,1493,47625,2866,102216,California
Kern,2021-03-03,5798,155871,2700,68140,3098,87728,0,3,3712,56232,2072,49697,3713,105929,California
Kern,2021-03-04,5551,161422,2160,70300,3388,91116,3,6,3556,57809,1981,51678,3558,109487,California
Kern,2021-03-05,6465,167887,2667,72967,3781,94897,17,23,4044,59456,2414,54092,4061,113548,California
Kern,2021-03-06,4711,172598,1911,74878,2699,97596,101,124,3445,61743,1258,55350,3545,117093,California
Kern,2021-03-07,2043,174641,1584,76462,410,98006,49,173,1852,63454,190,55540,1901,118994,California
Kern,2021-03-08,2807,177448,852,77314,1742,99748,213,386,1462,63785,1342,56882,1673,120667,California
Kern,2021-03-09,3622,181070,786,78100,2453,102201,383,769,2230,65009,1387,58269,2611,123278,California
Kern,2021-03-10,6020,187090,2466,80566,2483,104684,1071,1840,3501,67072,2508,60777,4571,127849,California
Kern,2021-03-11,6284,193374,2409,82975,2849,107533,1026,2866,3729,69281,2544,63321,4753,132602,California
Kern,2021-03-12,7657,201031,2919,85894,3386,110919,1352,4218,4153,71283,3494,66815,5496,138098,California
Kern,2021-03-13,4423,205454,2299,88193,1789,112708,335,4553,3005,73205,1412,68227,3334,141432,California
Kern,2021-03-14,2187,207641,1413,89606,534,113242,240,4793,1672,74599,515,68742,1909,143341,California
Kern,2021-03-15,4241,211882,1082,90688,2447,115689,712,5505,2175,75428,2055,70797,2884,146225,California
Kern,2021-03-16,4328,216210,1005,91693,2795,118484,528,6033,2327,76288,1992,72789,2852,149077,California
Kern,2021-03-17,7235,223445,3804,95497,2874,121358,557,6590,4300,78219,2924,75713,4855,153932,California
Kern,2021-03-18,6977,230422,3395,98892,3003,124361,579,7169,4153,80142,2805,78518,4728,158660,California
Kern,2021-03-19,8745,239167,4765,103657,3331,127692,649,7818,4546,81145,4186,82704,5189,163849,California
Kern,2021-03-20,5936,245103,3590,107247,2172,129864,174,7992,3815,83023,2112,84816,3990,167839,California
Kern,2021-03-21,2866,247969,1753,109000,236,130100,877,8869,1687,84413,1174,85990,2564,170403,California
Kern,2021-03-22,3935,251904,1536,110536,2043,132143,356,9225,1916,84674,2011,88001,2272,172675,California
Kern,2021-03-23,4700,256604,1656,112192,2846,134989,198,9423,2494,85187,2177,90178,2690,175365,California
Kern,2021-03-24,6987,263591,3507,115699,3008,137997,472,9895,3663,86010,3310,93488,4133,179498,California
Kern,2021-03-25,6620,270211,2879,118578,3413,141410,328,10223,3269,86269,3335,96823,3594,183092,California
Kern,2021-03-26,9575,279786,4152,122730,4169,145579,1254,11477,4744,87450,4815,101638,5996,189088,California
Kern,2021-03-27,5438,285224,3743,126473,1568,147147,127,11604,3302,88745,2134,103772,3429,192517,California
Kern,2021-03-28,4320,289544,3832,130305,474,147621,14,11618,2769,89978,1550,105322,2783,195300,California
Kern,2021-03-29,4189,293733,1637,131942,2274,149895,278,11896,2607,91290,1571,106893,2883,198183,California
Kern,2021-03-30,5505,299238,1820,133762,3305,153200,380,12276,3067,92301,2434,109327,3445,201628,California
Kern,2021-03-31,8050,307288,4236,137998,3169,156369,645,12921,4255,93414,3785,113112,4898,206526,California
Kern,2021-04-01,7585,314873,3633,141631,3655,160024,297,13218,4093,94321,3479,116591,4386,210912,California
Kern,2021-04-02,8127,323000,4183,145814,3341,163365,603,13821,4075,94958,4037,120628,4674,215586,California
Kern,2021-04-03,5678,328678,3383,149197,2113,165478,182,14003,2592,94651,3079,123707,2772,218358,California
Kern,2021-04-04,1331,330009,865,150062,382,165860,84,14087,550,94506,779,124486,634,218992,California
Kern,2021-04-05,5307,335316,2192,152254,2350,168210,765,14852,2881,95715,2416,126902,3625,222617,California
Kern,2021-04-06,6882,342198,2458,154712,3212,171422,1212,16064,3602,97266,3261,130163,4812,227429,California
Kern,2021-04-07,9191,351389,5347,160059,2889,174311,955,17019,4597,98239,4578,134741,5551,232980,California
Kern,2021-04-08,8568,359957,4737,164796,2931,177242,900,17919,3920,98433,4625,139366,4819,237799,California
Kern,2021-04-09,9805,369762,5086,169882,3738,180980,981,18900,4356,98339,5428,144794,5334,243133,California
Kern,2021-04-10,6521,376283,3430,173312,1854,182834,1237,20137,2299,97655,4214,149008,3530,246663,California
Kern,2021-04-11,3762,380045,2887,176199,358,183192,517,20654,1428,97274,2323,151331,1942,248605,California
Kern,2021-04-12,4342,384387,978,177177,2398,185590,966,21620,1557,97025,2770,154101,2521,251126,California
Kern,2021-04-13,4261,388648,1409,178586,2827,188417,25,21645,2124,97048,2127,156228,2150,253276,California
Kern,2021-04-14,6013,394661,2955,181541,3036,191453,22,21667,3059,97189,2939,159167,3080,256356,California
Kern,2021-04-15,5196,399857,2434,183975,2760,194213,2,21669,2500,97008,2683,161850,2502,258858,California
Kern,2021-04-16,6920,406777,3410,187385,3509,197722,1,21670,3023,96157,3876,165726,3025,261883,California
Kern,2021-04-17,5888,412665,3846,191231,2042,199764,0,21670,2250,94781,3627,169353,2251,264134,California
Kern,2021-04-18,3617,416282,3381,194612,236,200000,0,21670,1055,93280,2556,171909,1055,265189,California
Kern,2021-04-19,3798,420080,1725,196337,2072,202072,1,21671,1438,92377,2341,174250,1438,266627,California
Kern,2021-04-20,4263,424343,1529,197866,2733,204805,1,21672,1639,91405,2613,176863,1641,268268,California
Kern,2021-04-21,5833,430176,3120,200986,2708,207513,5,21677,2270,90135,3544,180407,2274,270542,California
Kern,2021-04-22,4774,434950,2305,203291,2469,209982,0,21677,1776,88935,2977,183384,1777,272319,California
Kern,2021-04-23,5807,440757,2912,206203,2894,212876,1,21678,1952,87067,3822,187206,1954,274273,California
Kern,2021-04-24,3926,444683,2728,208931,1188,214064,10,21688,1482,86129,2430,189636,1492,275765,California
Kern,2021-04-25,1340,446023,1064,209995,276,214340,0,21688,772,86338,563,190199,772,276537,California
Kern,2021-04-26,3615,449638,1741,211736,1821,216161,53,21741,989,84762,2618,192817,1042,277579,California
Kern,2021-04-27,4453,454091,2181,213917,2170,218331,102,21843,1328,83077,3111,195928,1426,279005,California
Kern,2021-04-28,5660,459751,3259,217176,2282,220613,119,21962,1669,80883,3980,199908,1786,280791,California
Kern,2021-04-29,4439,464190,2369,219545,1990,222603,80,22042,1233,79008,3189,203097,1314,282105,California
Kern,2021-04-30,4265,468455,2557,222102,1581,224184,127,22169,1139,77159,3115,206212,1266,283371,California
Kern,2021-05-01,2155,470610,1606,223708,510,224694,39,22208,795,76638,1355,207567,834,284205,California
Kern,2021-05-02,1591,472201,1472,225180,117,224811,2,22210,589,76232,997,208564,591,284796,California
Kings,2020-12-16,1,1,1,1,0,0,0,0,1,1,0,0,1,1,California
Kings,2020-12-17,8,9,8,9,0,0,0,0,8,9,0,0,8,9,California
Kings,2020-12-18,12,21,12,21,0,0,0,0,12,21,0,0,12,21,California
Kings,2020-12-19,11,32,11,32,0,0,0,0,11,32,0,0,11,32,California
Kings,2020-12-20,13,45,13,45,0,0,0,0,13,45,0,0,13,45,California
Kings,2020-12-21,156,201,156,201,0,0,0,0,269,314,0,0,269,314,California
Kings,2020-12-22,143,344,143,344,0,0,0,0,140,454,0,0,140,454,California
Kings,2020-12-23,134,478,122,466,12,12,0,0,135,589,0,0,135,589,California
Kings,2020-12-24,11,489,9,475,2,14,0,0,11,600,0,0,11,600,California
Kings,2020-12-26,7,496,4,479,3,17,0,0,7,607,0,0,7,607,California
Kings,2020-12-27,4,500,4,483,0,17,0,0,4,611,0,0,4,611,California
Kings,2020-12-28,131,631,103,586,28,45,0,0,132,743,0,0,132,743,California
Kings,2020-12-29,78,709,51,637,27,72,0,0,79,822,0,0,79,822,California
Kings,2020-12-30,147,856,108,745,39,111,0,0,147,969,0,0,147,969,California
Kings,2020-12-31,45,901,6,751,39,150,0,0,45,1014,0,0,45,1014,California
Kings,2021-01-01,1,902,0,751,1,151,0,0,1,1015,0,0,1,1015,California
Kings,2021-01-02,10,912,9,760,1,152,0,0,10,1025,0,0,10,1025,California
Kings,2021-01-04,112,1024,42,802,70,222,0,0,112,1137,0,0,112,1137,California
Kings,2021-01-05,196,1220,39,841,157,379,0,0,196,1333,0,0,196,1333,California
Kings,2021-01-06,276,1496,177,1018,99,478,0,0,273,1603,3,3,273,1606,California
Kings,2021-01-07,178,1674,81,1099,97,575,0,0,170,1765,8,11,170,1776,California
Kings,2021-01-08,247,1921,54,1153,193,768,0,0,228,1974,19,30,228,2004,California
Kings,2021-01-09,63,1984,9,1162,54,822,0,0,55,2021,8,38,55,2059,California
Kings,2021-01-10,15,1999,3,1165,12,834,0,0,12,2030,3,41,12,2071,California
Kings,2021-01-11,518,2517,354,1519,164,998,0,0,276,2065,242,283,277,2348,California
Kings,2021-01-12,350,2867,253,1772,97,1095,0,0,216,2150,131,414,216,2564,California
Kings,2021-01-13,414,3281,267,2039,147,1242,0,0,323,2382,91,505,323,2887,California
Kings,2021-01-14,208,3489,31,2070,177,1419,0,0,198,2560,21,526,199,3086,California
Kings,2021-01-15,416,3905,29,2099,387,1806,0,0,404,2952,12,538,404,3490,California
Kings,2021-01-16,31,3936,12,2111,19,1825,0,0,30,2981,1,539,30,3520,California
Kings,2021-01-17,8,3944,5,2116,3,1828,0,0,6,2985,2,541,6,3526,California
Kings,2021-01-18,172,4116,40,2156,132,1960,0,0,146,3105,26,567,146,3672,California
Kings,2021-01-19,376,4492,158,2314,218,2178,0,0,248,3225,128,695,248,3920,California
Kings,2021-01-20,225,4717,134,2448,91,2269,0,0,120,3244,101,796,120,4040,California
Kings,2021-01-21,186,4903,32,2480,154,2423,0,0,172,3400,16,812,172,4212,California
Kings,2021-01-22,125,5028,39,2519,86,2509,0,0,125,3520,5,817,125,4337,California
Kings,2021-01-23,26,5054,14,2533,12,2521,0,0,20,3534,6,823,20,4357,California
Kings,2021-01-24,4,5058,4,2537,0,2521,0,0,2,3534,2,825,2,4359,California
Kings,2021-01-25,124,5182,26,2563,98,2619,0,0,90,3590,34,859,90,4449,California
Kings,2021-01-26,154,5336,35,2598,119,2738,0,0,115,3666,39,898,115,4564,California
Kings,2021-01-27,319,5655,34,2632,285,3023,0,0,249,3846,69,967,249,4813,California
Kings,2021-01-28,326,5981,46,2678,280,3303,0,0,271,4062,55,1022,271,5084,California
Kings,2021-01-29,86,6067,26,2704,60,3363,0,0,69,4114,17,1039,69,5153,California
Kings,2021-01-30,1556,7623,31,2735,1525,4888,0,0,1553,5666,3,1042,1555,6708,California
Kings,2021-02-01,199,7822,64,2799,135,5023,0,0,72,5613,125,1167,72,6780,California
Kings,2021-02-02,226,8048,14,2813,212,5235,0,0,82,5552,143,1310,82,6862,California
Kings,2021-02-03,358,8406,192,3005,166,5401,0,0,203,5601,154,1464,203,7065,California
Kings,2021-02-04,395,8801,98,3103,297,5698,0,0,199,5605,195,1659,199,7264,California
Kings,2021-02-05,256,9057,14,3117,242,5940,0,0,101,5553,153,1812,101,7365,California
Kings,2021-02-06,60,9117,10,3127,50,5990,0,0,27,5547,33,1845,27,7392,California
Kings,2021-02-07,5,9122,3,3130,2,5992,0,0,3,5548,2,1847,3,7395,California
Kings,2021-02-08,170,9292,29,3159,141,6133,0,0,68,5514,102,1949,68,7463,California
Kings,2021-02-09,253,9545,57,3216,196,6329,0,0,110,5483,141,2090,110,7573,California
Kings,2021-02-10,286,9831,112,3328,174,6503,0,0,173,5543,113,2203,173,7746,California
Kings,2021-02-11,429,10260,65,3393,364,6867,0,0,318,5751,110,2313,318,8064,California
Kings,2021-02-12,610,10870,36,3429,574,7441,0,0,339,5819,271,2584,339,8403,California
Kings,2021-02-13,103,10973,6,3435,97,7538,0,0,78,5872,25,2609,78,8481,California
Kings,2021-02-14,102,11075,4,3439,98,7636,0,0,94,5958,8,2617,94,8575,California
Kings,2021-02-15,246,11321,5,3444,241,7877,0,0,137,5987,108,2725,137,8712,California
Kings,2021-02-16,485,11806,33,3477,452,8329,0,0,250,6003,234,2959,250,8962,California
Kings,2021-02-17,379,12185,22,3499,357,8686,0,0,242,6109,137,3096,243,9205,California
Kings,2021-02-18,155,12340,23,3522,132,8818,0,0,98,6150,57,3153,98,9303,California
Kings,2021-02-19,158,12498,23,3545,135,8953,0,0,102,6199,53,3206,102,9405,California
Kings,2021-02-20,171,12669,40,3585,131,9084,0,0,134,6296,37,3243,134,9539,California
Kings,2021-02-21,3,12672,2,3587,1,9085,0,0,3,6299,0,3243,3,9542,California
Kings,2021-02-22,110,12782,19,3606,91,9176,0,0,51,6291,59,3302,51,9593,California
Kings,2021-02-23,296,13078,69,3675,227,9403,0,0,179,6353,117,3419,179,9772,California
Kings,2021-02-24,592,13670,154,3829,438,9841,0,0,380,6521,212,3631,380,10152,California
Kings,2021-02-25,662,14332,112,3941,550,10391,0,0,444,6749,216,3847,444,10596,California
Kings,2021-02-26,657,14989,129,4070,528,10919,0,0,594,7281,62,3909,594,11190,California
Kings,2021-02-27,1498,16487,62,4132,1436,12355,0,0,564,6912,933,4842,564,11754,California
Kings,2021-02-28,1170,17657,595,4727,575,12930,0,0,672,7089,495,5337,672,12426,California
Kings,2021-03-01,259,17916,79,4806,180,13110,0,0,214,7258,45,5382,214,12640,California
Kings,2021-03-02,470,18386,206,5012,264,13374,0,0,420,7629,50,5432,421,13061,California
Kings,2021-03-03,625,19011,302,5314,323,13697,0,0,437,7879,187,5619,437,13498,California
Kings,2021-03-04,714,19725,343,5657,371,14068,0,0,618,8402,96,5715,619,14117,California
Kings,2021-03-05,1006,20731,349,6006,648,14716,9,9,890,9186,116,5831,900,15017,California
Kings,2021-03-06,511,21242,184,6190,314,15030,13,22,482,9652,29,5860,495,15512,California
Kings,2021-03-07,366,21608,225,6415,137,15167,4,26,358,10006,8,5868,362,15874,California
Kings,2021-03-08,350,21958,97,6512,200,15367,53,79,241,10190,109,5977,293,16167,California
Kings,2021-03-09,517,22475,238,6750,224,15591,55,134,411,10551,106,6083,467,16634,California
Kings,2021-03-10,503,22978,124,6874,288,15879,91,225,320,10779,182,6265,410,17044,California
Kings,2021-03-11,1018,23996,305,7179,603,16482,110,335,613,11099,403,6668,723,17767,California
Kings,2021-03-12,1308,25304,392,7571,822,17304,94,429,907,11702,400,7068,1003,18770,California
Kings,2021-03-13,672,25976,332,7903,296,17600,44,473,545,12165,127,7195,590,19360,California
Kings,2021-03-14,671,26647,101,8004,184,17784,386,859,200,12280,471,7666,586,19946,California
Kings,2021-03-15,667,27314,231,8235,321,18105,115,974,431,12593,235,7901,548,20494,California
Kings,2021-03-16,1039,28353,439,8674,539,18644,61,1035,703,13021,336,8237,764,21258,California
Kings,2021-03-17,1088,29441,416,9090,611,19255,61,1096,770,13541,318,8555,838,22096,California
Kings,2021-03-18,1097,30538,466,9556,409,19664,222,1318,765,14200,331,8886,990,23086,California
Kings,2021-03-19,931,31469,468,10024,378,20042,85,1403,714,14795,217,9103,812,23898,California
Kings,2021-03-20,621,32090,254,10278,337,20379,30,1433,448,15109,171,9274,485,24383,California
Kings,2021-03-21,1400,33490,1085,11363,304,20683,11,1444,847,15414,553,9827,858,25241,California
Kings,2021-03-22,449,33939,203,11566,163,20846,83,1527,276,15604,173,10000,363,25604,California
Kings,2021-03-23,898,34837,492,12058,343,21189,63,1590,575,15924,321,10321,641,26245,California
Kings,2021-03-24,918,35755,475,12533,420,21609,23,1613,510,16053,406,10727,535,26780,California
Kings,2021-03-25,885,36640,440,12973,419,22028,26,1639,443,16082,440,11167,469,27249,California
Kings,2021-03-26,1279,37919,372,13345,822,22850,85,1724,527,15946,747,11914,611,27860,California
Kings,2021-03-27,616,38535,245,13590,359,23209,12,1736,169,15682,445,12359,181,28041,California
Kings,2021-03-28,547,39082,476,14066,64,23273,7,1743,341,15832,206,12565,356,28397,California
Kings,2021-03-29,456,39538,201,14267,195,23468,60,1803,250,15937,204,12769,309,28706,California
Kings,2021-03-30,835,40373,462,14729,335,23803,38,1841,416,15973,418,13187,454,29160,California
Kings,2021-03-31,724,41097,375,15104,285,24088,64,1905,416,16152,301,13488,480,29640,California
Kings,2021-04-01,745,41842,373,15477,293,24381,79,1984,340,16172,399,13887,419,30059,California
Kings,2021-04-02,974,42816,422,15899,430,24811,122,2106,426,16176,543,14430,547,30606,California
Kings,2021-04-03,472,43288,328,16227,136,24947,8,2114,160,16040,306,14736,170,30776,California
Kings,2021-04-04,156,43444,82,16309,68,25015,6,2120,44,15979,111,14847,50,30826,California
Kings,2021-04-05,1044,44488,321,16630,473,25488,250,2370,254,15694,789,15636,504,31330,California
Kings,2021-04-06,1180,45668,447,17077,426,25914,307,2677,296,15415,881,16517,602,31932,California
Kings,2021-04-07,1338,47006,639,17716,515,26429,184,2861,412,15088,923,17440,596,32528,California
Kings,2021-04-08,1591,48597,627,18343,713,27142,251,3112,363,14481,1221,18661,614,33142,California
Kings,2021-04-09,1103,49700,522,18865,407,27549,174,3286,237,14026,864,19525,409,33551,California
Kings,2021-04-10,591,50291,329,19194,160,27709,102,3388,180,13898,410,19935,282,33833,California
Kings,2021-04-11,324,50615,74,19268,244,27953,6,3394,192,13964,132,20067,198,34031,California
Kings,2021-04-12,696,51311,310,19578,186,28139,200,3594,190,13850,504,20571,390,34421,California
Kings,2021-04-13,873,52184,501,20079,372,28511,0,3594,281,13545,591,21162,286,34707,California
Kings,2021-04-14,1020,53204,564,20643,456,28967,0,3594,371,13268,649,21811,372,35079,California
Kings,2021-04-15,1018,54222,494,21137,523,29490,1,3595,451,13154,566,22377,452,35531,California
Kings,2021-04-16,764,54986,360,21497,404,29894,0,3595,268,12927,495,22872,268,35799,California
Kings,2021-04-17,455,55441,242,21739,213,30107,0,3595,199,12871,255,23127,199,35998,California
Kings,2021-04-18,548,55989,238,21977,310,30417,0,3595,69,12461,479,23606,69,36067,California
Kings,2021-04-19,522,56511,287,22264,234,30651,1,3596,284,12509,236,23842,284,36351,California
Kings,2021-04-20,727,57238,440,22704,287,30938,0,3596,241,12266,484,24326,241,36592,California
Kings,2021-04-21,633,57871,305,23009,328,31266,0,3596,219,12076,409,24735,219,36811,California
Kings,2021-04-22,548,58419,276,23285,272,31538,0,3596,205,11942,340,25075,206,37017,California
Kings,2021-04-23,662,59081,290,23575,372,31910,0,3596,329,11942,329,25404,329,37346,California
Kings,2021-04-24,240,59321,174,23749,65,31975,1,3597,116,11936,123,25527,117,37463,California
Kings,2021-04-25,195,59516,176,23925,19,31994,0,3597,159,12059,36,25563,159,37622,California
Kings,2021-04-26,288,59804,148,24073,137,32131,3,3600,181,12137,106,25669,184,37806,California
Kings,2021-04-27,392,60196,171,24244,200,32331,21,3621,161,12089,230,25899,182,37988,California
Kings,2021-04-28,445,60641,236,24480,194,32525,15,3636,240,12139,205,26104,255,38243,California
Kings,2021-04-29,237,60878,77,24557,149,32674,11,3647,110,12136,124,26228,121,38364,California
Kings,2021-04-30,256,61134,98,24655,145,32819,13,3660,93,12081,161,26389,106,38470,California
Kings,2021-05-01,161,61295,116,24771,41,32860,4,3664,34,11994,125,26514,38,38508,California
Kings,2021-05-02,127,61422,120,24891,7,32867,0,3664,111,12089,16,26530,111,38619,California
Lake,2020-12-17,4,4,4,4,0,0,0,0,4,4,0,0,4,4,California
Lake,2020-12-18,51,55,51,55,0,0,0,0,51,55,0,0,51,55,California
Lake,2020-12-19,3,58,3,58,0,0,0,0,3,58,0,0,3,58,California
Lake,2020-12-20,6,64,6,64,0,0,0,0,6,64,0,0,6,64,California
Lake,2020-12-21,86,150,86,150,0,0,0,0,86,150,0,0,86,150,California
Lake,2020-12-22,63,213,60,210,3,3,0,0,63,213,0,0,63,213,California
Lake,2020-12-23,123,336,114,324,9,12,0,0,123,336,0,0,123,336,California
Lake,2020-12-24,2,338,0,324,2,14,0,0,2,338,0,0,2,338,California
Lake,2020-12-26,2,340,2,326,0,14,0,0,2,340,0,0,2,340,California
Lake,2020-12-27,2,342,2,328,0,14,0,0,2,342,0,0,2,342,California
Lake,2020-12-28,52,394,43,371,9,23,0,0,52,394,0,0,52,394,California
Lake,2020-12-29,51,445,46,417,5,28,0,0,51,445,0,0,51,445,California
Lake,2020-12-30,124,569,117,534,7,35,0,0,124,569,0,0,124,569,California
Lake,2020-12-31,67,636,64,598,3,38,0,0,67,636,0,0,67,636,California
Lake,2021-01-01,1,637,0,598,1,39,0,0,1,637,0,0,1,637,California
Lake,2021-01-02,2,639,1,599,1,40,0,0,2,639,0,0,2,639,California
Lake,2021-01-04,87,726,21,620,66,106,0,0,87,726,0,0,87,726,California
Lake,2021-01-05,120,846,59,679,61,167,0,0,118,842,2,2,118,844,California
Lake,2021-01-06,105,951,65,744,40,207,0,0,103,943,2,4,103,947,California
Lake,2021-01-07,107,1058,84,828,23,230,0,0,98,1032,9,13,98,1045,California
Lake,2021-01-08,152,1210,124,952,28,258,0,0,100,1080,52,65,100,1145,California
Lake,2021-01-09,63,1273,61,1013,2,260,0,0,59,1135,4,69,59,1204,California
Lake,2021-01-10,3,1276,3,1016,0,260,0,0,0,1132,3,72,0,1204,California
Lake,2021-01-11,192,1468,151,1167,41,301,0,0,112,1164,80,152,112,1316,California
Lake,2021-01-12,80,1548,48,1215,32,333,0,0,56,1196,24,176,56,1372,California
Lake,2021-01-13,164,1712,112,1327,52,385,0,0,107,1246,57,233,107,1479,California
Lake,2021-01-14,147,1859,46,1373,101,486,0,0,125,1349,22,255,125,1604,California
Lake,2021-01-15,215,2074,92,1465,123,609,0,0,188,1510,27,282,188,1792,California
Lake,2021-01-16,134,2208,81,1546,53,662,0,0,132,1640,2,284,132,1924,California
Lake,2021-01-17,18,2226,6,1552,12,674,0,0,12,1646,6,290,12,1936,California
Lake,2021-01-18,246,2472,226,1778,20,694,0,0,126,1652,120,410,126,2062,California
Lake,2021-01-19,311,2783,117,1895,194,888,0,0,266,1874,45,455,267,2329,California
Lake,2021-01-20,422,3205,80,1975,342,1230,0,0,358,2169,63,518,358,2687,California
Lake,2021-01-21,433,3638,49,2024,384,1614,0,0,398,2532,35,553,398,3085,California
Lake,2021-01-22,318,3956,46,2070,272,1886,0,0,282,2778,36,589,282,3367,California
Lake,2021-01-23,122,4078,5,2075,117,2003,0,0,121,2898,1,590,121,3488,California
Lake,2021-01-24,4,4082,1,2076,3,2006,0,0,4,2902,0,590,4,3492,California
Lake,2021-01-25,257,4339,95,2171,162,2168,0,0,176,2997,81,671,176,3668,California
Lake,2021-01-26,428,4767,36,2207,392,2560,0,0,405,3379,23,694,405,4073,California
Lake,2021-01-27,359,5126,41,2248,318,2878,0,0,331,3683,28,722,332,4405,California
Lake,2021-01-28,499,5625,161,2409,338,3216,0,0,370,3924,129,851,370,4775,California
Lake,2021-01-29,637,6262,83,2492,554,3770,0,0,577,4441,60,911,577,5352,California
Lake,2021-01-30,556,6818,45,2537,511,4281,0,0,550,4985,6,917,550,5902,California
Lake,2021-01-31,14,6832,8,2545,6,4287,0,0,12,4995,2,919,12,5914,California
Lake,2021-02-01,179,7011,18,2563,161,4448,0,0,166,5148,13,932,166,6080,California
Lake,2021-02-02,563,7574,152,2715,411,4859,0,0,397,5379,166,1098,397,6477,California
Lake,2021-02-03,445,8019,33,2748,412,5271,0,0,340,5614,105,1203,340,6817,California
Lake,2021-02-04,120,8139,69,2817,51,5322,0,0,73,5640,47,1250,73,6890,California
Lake,2021-02-05,378,8517,69,2886,309,5631,0,0,288,5840,88,1338,288,7178,California
Lake,2021-02-06,275,8792,40,2926,235,5866,0,0,264,6093,11,1349,264,7442,California
Lake,2021-02-07,2,8794,1,2927,1,5867,0,0,2,6095,0,1349,2,7444,California
Lake,2021-02-08,278,9072,206,3133,72,5939,0,0,159,6135,119,1468,159,7603,California
Lake,2021-02-09,345,9417,25,3158,320,6259,0,0,301,6393,43,1511,301,7904,California
Lake,2021-02-10,350,9767,55,3213,295,6554,0,0,274,6591,76,1587,274,8178,California
Lake,2021-02-11,169,9936,18,3231,151,6705,0,0,56,6534,113,1700,56,8234,California
Lake,2021-02-12,377,10313,29,3260,348,7053,0,0,290,6738,86,1786,290,8524,California
Lake,2021-02-13,248,10561,9,3269,239,7292,0,0,237,6964,11,1797,237,8761,California
Lake,2021-02-14,19,10580,4,3273,15,7307,0,0,6,6957,13,1810,6,8767,California
Lake,2021-02-15,172,10752,13,3286,159,7466,0,0,8,6802,163,1973,8,8775,California
Lake,2021-02-16,423,11175,23,3309,400,7866,0,0,176,6731,247,2220,176,8951,California
Lake,2021-02-17,351,11526,54,3363,297,8163,0,0,70,6521,280,2500,70,9021,California
Lake,2021-02-18,457,11983,69,3432,388,8551,0,0,114,6292,343,2843,114,9135,California
Lake,2021-02-19,418,12401,25,3457,393,8944,0,0,93,6060,325,3168,93,9228,California
Lake,2021-02-20,294,12695,60,3517,234,9178,0,0,251,6269,42,3210,251,9479,California
Lake,2021-02-21,6,12701,6,3523,0,9178,0,0,0,6263,6,3216,0,9479,California
Lake,2021-02-22,140,12841,24,3547,116,9294,0,0,43,6209,97,3313,43,9522,California
Lake,2021-02-23,213,13054,14,3561,199,9493,0,0,28,6052,185,3498,28,9550,California
Lake,2021-02-24,956,14010,378,3939,578,10071,0,0,417,5931,538,4036,417,9967,California
Lake,2021-02-25,731,14741,463,4402,268,10339,0,0,471,6144,258,4294,471,10438,California
Lake,2021-02-26,996,15737,304,4706,692,11031,0,0,350,5851,643,4937,350,10788,California
Lake,2021-02-27,410,16147,97,4803,313,11344,0,0,328,6097,82,5019,328,11116,California
Lake,2021-02-28,18,16165,12,4815,6,11350,0,0,10,6099,8,5027,10,11126,California
Lake,2021-03-01,596,16761,53,4868,543,11893,0,0,443,6389,153,5180,443,11569,California
Lake,2021-03-02,744,17505,18,4886,726,12619,0,0,291,6226,454,5634,291,11860,California
Lake,2021-03-03,360,17865,197,5083,163,12782,0,0,135,6136,225,5859,135,11995,California
Lake,2021-03-04,576,18441,508,5591,68,12850,0,0,561,6682,15,5874,561,12556,California
Lake,2021-03-05,1037,19478,40,5631,997,13847,0,0,174,5997,859,6733,174,12730,California
Lake,2021-03-06,36,19514,11,5642,24,13871,1,1,21,6004,15,6748,22,12752,California
Lake,2021-03-07,7,19521,5,5647,2,13873,0,1,4,6005,3,6751,4,12756,California
Lake,2021-03-08,339,19860,267,5914,63,13936,9,10,299,6273,40,6791,308,13064,California
Lake,2021-03-09,914,20774,29,5943,868,14804,17,27,392,6161,521,7312,409,13473,California
Lake,2021-03-10,204,20978,60,6003,131,14935,13,40,136,6242,68,7380,149,13622,California
Lake,2021-03-11,583,21561,47,6050,62,14997,474,514,48,6229,535,7915,522,14144,California
Lake,2021-03-12,854,22415,203,6253,627,15624,24,538,363,6126,490,8405,387,14531,California
Lake,2021-03-13,278,22693,21,6274,20,15644,237,775,16,6117,261,8666,252,14783,California
Lake,2021-03-14,11,22704,2,6276,9,15653,0,775,7,6120,4,8670,7,14790,California
Lake,2021-03-15,642,23346,14,6290,611,16264,17,792,483,6461,159,8829,500,15290,California
Lake,2021-03-16,1113,24459,834,7124,262,16526,17,809,447,6262,662,9491,463,15753,California
Lake,2021-03-17,247,24706,122,7246,103,16629,22,831,90,6217,157,9648,112,15865,California
Lake,2021-03-18,748,25454,373,7619,338,16967,37,868,372,6250,375,10023,408,16273,California
Lake,2021-03-19,580,26034,313,7932,247,17214,20,888,474,6639,105,10128,494,16767,California
Lake,2021-03-20,248,26282,8,7940,237,17451,3,891,29,6454,217,10345,32,16799,California
Lake,2021-03-21,16,26298,11,7951,4,17455,1,892,11,6461,5,10350,12,16811,California
Lake,2021-03-22,324,26622,244,8195,66,17521,14,906,238,6627,86,10436,252,17063,California
Lake,2021-03-23,416,27038,18,8213,385,17906,13,919,353,6931,62,10498,366,17429,California
Lake,2021-03-24,414,27452,61,8274,345,18251,8,927,317,7161,96,10594,326,17755,California
Lake,2021-03-25,656,28108,468,8742,182,18433,6,933,172,6855,484,11078,178,17933,California
Lake,2021-03-26,69,28177,33,8775,35,18468,1,934,45,6877,24,11102,46,17979,California
Lake,2021-03-27,309,28486,7,8782,299,18767,3,937,17,6607,290,11392,20,17999,California
Lake,2021-03-28,16,28502,7,8789,9,18776,0,937,10,6611,6,11398,10,18009,California
Lake,2021-03-29,899,29401,268,9057,629,19405,2,939,193,6102,704,12102,195,18204,California
Lake,2021-03-30,454,29855,305,9362,147,19552,2,941,368,6387,85,12187,370,18574,California
Lake,2021-03-31,583,30438,60,9422,523,20075,0,941,418,6648,157,12344,418,18992,California
Lake,2021-04-01,424,30862,219,9641,193,20268,12,953,179,6597,242,12586,191,19183,California
Lake,2021-04-02,221,31083,40,9681,153,20421,28,981,98,6600,123,12709,126,19309,California
Lake,2021-04-03,30,31113,6,9687,21,20442,3,984,11,6595,19,12728,14,19323,California
Lake,2021-04-04,21,31134,11,9698,8,20450,2,986,16,6608,5,12733,18,19341,California
Lake,2021-04-05,635,31769,70,9768,546,20996,19,1005,396,6786,236,12969,414,19755,California
Lake,2021-04-06,471,32240,15,9783,430,21426,26,1031,299,6940,171,13140,325,20080,California
Lake,2021-04-07,517,32757,56,9839,410,21836,51,1082,350,7176,165,13305,401,20481,California
Lake,2021-04-08,598,33355,485,10324,46,21882,67,1149,102,6852,493,13798,169,20650,California
Lake,2021-04-09,283,33638,44,10368,170,22052,69,1218,49,6739,231,14029,118,20768,California
Lake,2021-04-10,253,33891,15,10383,14,22066,224,1442,11,6732,242,14271,235,21003,California
Lake,2021-04-11,22,33913,17,10400,3,22069,2,1444,7,6726,15,14286,9,21012,California
Lake,2021-04-12,1068,34981,231,10631,804,22873,33,1477,248,6188,819,15105,281,21293,California
Lake,2021-04-13,180,35161,109,10740,71,22944,0,1477,53,6114,127,15232,53,21346,California
Lake,2021-04-14,607,35768,36,10776,571,23515,0,1477,547,6601,60,15292,547,21893,California
Lake,2021-04-15,624,36392,177,10953,447,23962,0,1477,317,6611,307,15599,317,22210,California
Lake,2021-04-16,259,36651,25,10978,233,24195,1,1478,69,6492,189,15788,70,22280,California
Lake,2021-04-17,39,36690,11,10989,28,24223,0,1478,29,6511,10,15798,29,22309,California
Lake,2021-04-18,8,36698,5,10994,3,24226,0,1478,0,6503,8,15806,0,22309,California
Lake,2021-04-19,295,36993,39,11033,256,24482,0,1478,245,6698,50,15856,245,22554,California
Lake,2021-04-20,691,37684,277,11310,414,24896,0,1478,112,6233,578,16434,113,22667,California
Lake,2021-04-21,533,38217,63,11373,470,25366,0,1478,204,6109,328,16762,204,22871,California
Lake,2021-04-22,457,38674,47,11420,410,25776,0,1478,312,6277,144,16906,312,23183,California
Lake,2021-04-23,113,38787,57,11477,56,25832,0,1478,67,6298,46,16952,67,23250,California
Lake,2021-04-24,53,38840,9,11486,44,25876,0,1478,39,6323,14,16966,39,23289,California
Lake,2021-04-25,36,38876,19,11505,17,25893,0,1478,23,6333,13,16979,23,23312,California
Lake,2021-04-26,260,39136,73,11578,186,26079,1,1479,73,6220,187,17166,74,23386,California
Lake,2021-04-27,228,39364,21,11599,189,26268,18,1497,75,6160,153,17319,93,23479,California
Lake,2021-04-28,444,39808,45,11644,388,26656,11,1508,103,5935,338,17657,113,23592,California
Lake,2021-04-29,165,39973,66,11710,85,26741,14,1522,86,5957,78,17735,100,23692,California
Lake,2021-04-30,199,40172,29,11739,159,26900,11,1533,99,5967,100,17835,110,23802,California
Lake,2021-05-01,22,40194,14,11753,8,26908,0,1533,16,5977,6,17841,16,23818,California
Lake,2021-05-02,8,40202,0,11753,6,26914,2,1535,5,5981,3,17844,7,23825,California
Lassen,2020-12-16,8,8,8,8,0,0,0,0,8,8,0,0,8,8,California
Lassen,2020-12-17,6,14,6,14,0,0,0,0,6,14,0,0,6,14,California
Lassen,2020-12-18,1,15,1,15,0,0,0,0,1,15,0,0,1,15,California
Lassen,2020-12-19,5,20,5,20,0,0,0,0,5,20,0,0,5,20,California
Lassen,2020-12-20,2,22,2,22,0,0,0,0,2,22,0,0,2,22,California
Lassen,2020-12-21,11,33,11,33,0,0,0,0,11,33,0,0,11,33,California
Lassen,2020-12-22,23,56,23,56,0,0,0,0,23,56,0,0,23,56,California
Lassen,2020-12-23,6,62,6,62,0,0,0,0,6,62,0,0,6,62,California
Lassen,2020-12-24,11,73,11,73,0,0,0,0,11,73,0,0,11,73,California
Lassen,2020-12-28,3,76,2,75,1,1,0,0,3,76,0,0,3,76,California
Lassen,2020-12-29,35,111,35,110,0,1,0,0,35,111,0,0,35,111,California
Lassen,2020-12-30,37,148,36,146,1,2,0,0,37,148,0,0,37,148,California
Lassen,2020-12-31,49,197,42,188,7,9,0,0,49,197,0,0,49,197,California
Lassen,2021-01-02,1,198,0,188,1,10,0,0,1,198,0,0,1,198,California
Lassen,2021-01-04,15,213,1,189,14,24,0,0,15,213,0,0,15,213,California
Lassen,2021-01-05,194,407,53,242,141,165,0,0,194,407,0,0,194,407,California
Lassen,2021-01-06,93,500,42,284,51,216,0,0,85,485,8,8,86,493,California
Lassen,2021-01-07,43,543,7,291,36,252,0,0,37,516,6,14,37,530,California
Lassen,2021-01-08,50,593,2,293,48,300,0,0,50,566,0,14,50,580,California
Lassen,2021-01-09,12,605,6,299,6,306,0,0,12,578,0,14,12,592,California
Lassen,2021-01-11,27,632,5,304,22,328,0,0,27,605,0,14,27,619,California
Lassen,2021-01-12,49,681,29,333,20,348,0,0,30,616,19,33,30,649,California
Lassen,2021-01-13,161,842,18,351,143,491,0,0,146,747,15,48,146,795,California
Lassen,2021-01-14,163,1005,18,369,145,636,0,0,151,886,12,60,151,946,California
Lassen,2021-01-15,33,1038,6,375,27,663,0,0,33,919,0,60,33,979,California
Lassen,2021-01-16,34,1072,33,408,1,664,0,0,34,953,0,60,34,1013,California
Lassen,2021-01-17,1,1073,0,408,1,665,0,0,1,954,0,60,1,1014,California
Lassen,2021-01-18,5,1078,2,410,3,668,0,0,4,957,1,61,4,1018,California
Lassen,2021-01-19,185,1263,36,446,149,817,0,0,157,1086,28,89,157,1175,California
Lassen,2021-01-20,189,1452,101,547,88,905,0,0,105,1122,69,158,105,1280,California
Lassen,2021-01-21,145,1597,93,640,52,957,0,0,121,1225,18,176,121,1401,California
Lassen,2021-01-22,31,1628,18,658,13,970,0,0,21,1236,10,186,21,1422,California
Lassen,2021-01-23,2,1630,0,658,2,972,0,0,2,1238,0,186,2,1424,California
Lassen,2021-01-24,1,1631,0,658,1,973,0,0,1,1239,0,186,1,1425,California
Lassen,2021-01-25,11,1642,0,658,11,984,0,0,11,1250,0,186,11,1436,California
Lassen,2021-01-26,126,1768,12,670,114,1098,0,0,122,1368,4,190,122,1558,California
Lassen,2021-01-27,85,1853,33,703,52,1150,0,0,69,1421,16,206,69,1627,California
Lassen,2021-01-28,85,1938,14,717,71,1221,0,0,84,1504,1,207,84,1711,California
Lassen,2021-01-29,23,1961,7,724,16,1237,0,0,22,1525,1,208,22,1733,California
Lassen,2021-02-01,62,2023,4,728,58,1295,0,0,36,1535,26,234,36,1769,California
Lassen,2021-02-02,177,2200,12,740,165,1460,0,0,44,1446,133,367,44,1813,California
Lassen,2021-02-03,96,2296,21,761,75,1535,0,0,51,1452,45,412,51,1864,California
Lassen,2021-02-04,112,2408,15,776,97,1632,0,0,63,1466,49,461,63,1927,California
Lassen,2021-02-05,65,2473,12,788,53,1685,0,0,23,1447,42,503,23,1950,California
Lassen,2021-02-06,69,2542,34,822,35,1720,0,0,36,1451,32,535,36,1986,California
Lassen,2021-02-07,2,2544,2,824,0,1720,0,0,2,1453,0,535,2,1988,California
Lassen,2021-02-08,43,2587,4,828,39,1759,0,0,18,1446,25,560,18,2006,California
Lassen,2021-02-09,129,2716,8,836,121,1880,0,0,50,1417,79,639,50,2056,California
Lassen,2021-02-10,183,2899,21,857,162,2042,0,0,75,1384,108,747,75,2131,California
Lassen,2021-02-11,184,3083,16,873,168,2210,0,0,80,1361,103,850,80,2211,California
Lassen,2021-02-12,42,3125,11,884,31,2241,0,0,14,1347,28,878,14,2225,California
Lassen,2021-02-13,12,3137,3,887,9,2250,0,0,10,1355,2,880,10,2235,California
Lassen,2021-02-14,13,3150,0,887,13,2263,0,0,12,1366,1,881,12,2247,California
Lassen,2021-02-15,21,3171,2,889,19,2282,0,0,17,1379,4,885,17,2264,California
Lassen,2021-02-16,192,3363,4,893,188,2470,0,0,31,1251,159,1044,31,2295,California
Lassen,2021-02-17,184,3547,94,987,90,2560,0,0,11,1089,173,1217,11,2306,California
Lassen,2021-02-18,80,3627,22,1009,58,2618,0,0,20,1049,60,1277,20,2326,California
Lassen,2021-02-19,82,3709,62,1071,20,2638,0,0,18,1003,64,1341,18,2344,California
Lassen,2021-02-20,8,3717,0,1071,8,2646,0,0,6,1007,2,1343,6,2350,California
Lassen,2021-02-21,22,3739,2,1073,20,2666,0,0,18,1021,4,1347,18,2368,California
Lassen,2021-02-22,23,3762,8,1081,15,2681,0,0,5,1008,18,1365,5,2373,California
Lassen,2021-02-23,153,3915,10,1091,143,2824,0,0,41,937,112,1477,41,2414,California
Lassen,2021-02-24,166,4081,17,1108,149,2973,0,0,108,988,57,1534,108,2522,California
Lassen,2021-02-25,156,4237,19,1127,137,3110,0,0,99,1030,57,1591,99,2621,California
Lassen,2021-02-26,73,4310,16,1143,57,3167,0,0,36,1029,37,1628,36,2657,California
Lassen,2021-02-27,8,4318,7,1150,1,3168,0,0,3,1027,5,1633,3,2660,California
Lassen,2021-02-28,6,4324,1,1151,5,3173,0,0,3,1027,3,1636,3,2663,California
Lassen,2021-03-01,41,4365,4,1155,37,3210,0,0,8,1002,33,1669,8,2671,California
Lassen,2021-03-02,106,4471,8,1163,98,3308,0,0,80,1056,26,1695,80,2751,California
Lassen,2021-03-03,170,4641,12,1175,158,3466,0,0,113,1112,57,1752,113,2864,California
Lassen,2021-03-04,148,4789,15,1190,133,3599,0,0,98,1161,49,1801,98,2962,California
Lassen,2021-03-05,47,4836,7,1197,17,3616,23,23,11,1159,36,1837,34,2996,California
Lassen,2021-03-06,56,4892,5,1202,29,3645,22,45,6,1137,50,1887,28,3024,California
Lassen,2021-03-07,56,4948,1,1203,0,3645,55,100,1,1138,55,1942,56,3080,California
Lassen,2021-03-08,90,5038,2,1205,8,3653,80,180,3,1135,86,2028,83,3163,California
Lassen,2021-03-09,137,5175,11,1216,109,3762,17,197,88,1192,49,2077,106,3269,California
Lassen,2021-03-10,173,5348,10,1226,162,3924,1,198,79,1179,93,2170,80,3349,California
Lassen,2021-03-11,185,5533,16,1242,162,4086,7,205,113,1230,69,2239,120,3469,California
Lassen,2021-03-12,35,5568,18,1260,13,4099,4,209,12,1223,23,2262,16,3485,California
Lassen,2021-03-13,49,5617,0,1260,3,4102,46,255,1,1221,48,2310,46,3531,California
Lassen,2021-03-14,14,5631,2,1262,11,4113,1,256,2,1212,12,2322,3,3534,California
Lassen,2021-03-15,32,5663,1,1263,31,4144,0,256,16,1212,16,2338,16,3550,California
Lassen,2021-03-16,93,5756,2,1265,85,4229,6,262,74,1273,19,2357,80,3630,California
Lassen,2021-03-17,1084,6840,9,1274,1070,5299,5,267,1064,2322,20,2377,1069,4699,California
Lassen,2021-03-18,95,6935,9,1283,85,5384,1,268,81,2390,14,2391,82,4781,California
Lassen,2021-03-19,17,6952,11,1294,2,5386,4,272,7,2391,10,2401,11,4792,California
Lassen,2021-03-20,29,6981,3,1297,23,5409,3,275,22,2409,7,2408,25,4817,California
Lassen,2021-03-21,34,7015,0,1297,34,5443,0,275,14,2404,19,2427,14,4831,California
Lassen,2021-03-22,57,7072,1,1298,56,5499,0,275,54,2455,3,2430,54,4885,California
Lassen,2021-03-23,117,7189,9,1307,107,5606,1,276,66,2471,51,2481,67,4952,California
Lassen,2021-03-24,212,7401,13,1320,199,5805,0,276,107,2474,104,2585,107,5059,California
Lassen,2021-03-25,151,7552,20,1340,131,5936,0,276,69,2461,82,2667,69,5128,California
Lassen,2021-03-26,78,7630,13,1353,26,5962,39,315,19,2460,59,2726,58,5186,California
Lassen,2021-03-27,20,7650,4,1357,1,5963,15,330,3,2461,17,2743,18,5204,California
Lassen,2021-03-28,18,7668,3,1360,5,5968,10,340,4,2461,14,2757,14,5218,California
Lassen,2021-03-29,52,7720,0,1360,27,5995,25,365,20,2475,31,2788,45,5263,California
Lassen,2021-03-30,198,7918,10,1370,163,6158,25,390,51,2404,147,2935,76,5339,California
Lassen,2021-03-31,146,8064,12,1382,112,6270,22,412,62,2404,84,3019,84,5423,California
Lassen,2021-04-01,166,8230,16,1398,131,6401,19,431,49,2356,116,3135,68,5491,California
Lassen,2021-04-02,29,8259,4,1402,3,6404,22,453,2,2353,27,3162,24,5515,California
Lassen,2021-04-03,12,8271,0,1402,2,6406,10,463,0,2351,12,3174,10,5525,California
Lassen,2021-04-04,7,8278,2,1404,0,6406,5,468,1,2351,6,3180,6,5531,California
Lassen,2021-04-05,23,8301,4,1408,12,6418,7,475,11,2358,11,3191,18,5549,California
Lassen,2021-04-06,183,8484,8,1416,145,6563,30,505,52,2309,131,3322,82,5631,California
Lassen,2021-04-07,136,8620,7,1423,92,6655,37,542,33,2278,103,3425,72,5703,California
Lassen,2021-04-08,169,8789,8,1431,105,6760,56,598,33,2235,132,3557,89,5792,California
Lassen,2021-04-09,52,8841,6,1437,11,6771,35,633,9,2236,42,3599,43,5835,California
Lassen,2021-04-10,9,8850,0,1437,2,6773,7,640,0,2235,8,3607,7,5842,California
Lassen,2021-04-11,5,8855,2,1439,0,6773,3,643,2,2237,3,3610,5,5847,California
Lassen,2021-04-12,25,8880,2,1441,10,6783,13,656,1,2227,24,3634,14,5861,California
Lassen,2021-04-13,129,9009,6,1447,123,6906,0,656,40,2179,88,3722,40,5901,California
Lassen,2021-04-14,987,9996,16,1463,971,7877,0,656,51,1295,935,4657,51,5952,California
Lassen,2021-04-15,147,10143,14,1477,133,8010,0,656,19,1186,128,4785,19,5971,California
Lassen,2021-04-16,11,10154,4,1481,7,8017,0,656,5,1185,6,4791,5,5976,California
Lassen,2021-04-17,24,10178,3,1484,21,8038,0,656,4,1169,20,4811,4,5980,California
Lassen,2021-04-18,5,10183,2,1486,3,8041,0,656,2,1168,3,4814,2,5982,California
Lassen,2021-04-19,33,10216,0,1486,33,8074,0,656,17,1169,16,4830,17,5999,California
Lassen,2021-04-20,138,10354,7,1493,131,8205,0,656,52,1135,86,4916,52,6051,California
Lassen,2021-04-21,163,10517,10,1503,153,8358,0,656,32,1038,129,5045,32,6083,California
Lassen,2021-04-22,102,10619,16,1519,86,8444,0,656,33,1002,69,5114,33,6116,California
Lassen,2021-04-23,28,10647,3,1522,25,8469,0,656,22,1018,6,5120,22,6138,California
Lassen,2021-04-24,10,10657,6,1528,4,8473,0,656,4,1016,6,5126,4,6142,California
Lassen,2021-04-25,5,10662,0,1528,4,8477,1,657,3,1018,2,5128,4,6146,California
Lassen,2021-04-26,40,10702,1,1529,35,8512,4,661,7,996,33,5161,11,6157,California
Lassen,2021-04-27,120,10822,10,1539,107,8619,3,664,68,1015,52,5213,71,6228,California
Lassen,2021-04-28,82,10904,8,1547,72,8691,2,666,29,993,53,5266,31,6259,California
Lassen,2021-04-29,48,10952,4,1551,41,8732,3,669,9,966,39,5305,12,6271,California
Lassen,2021-04-30,10,10962,6,1557,0,8732,4,673,2,964,8,5313,6,6277,California
Lassen,2021-05-01,1,10963,0,1557,1,8733,0,673,1,965,0,5313,1,6278,California
Lassen,2021-05-02,6,10969,2,1559,4,8737,0,673,5,969,1,5314,5,6283,California
Los Angeles,2020-12-15,391,391,391,391,0,0,0,0,391,391,0,0,391,391,California
Los Angeles,2020-12-16,3364,3755,3364,3755,0,0,0,0,3364,3755,0,0,3364,3755,California
Los Angeles,2020-12-17,10233,13988,10233,13988,0,0,0,0,10234,13989,0,0,10234,13989,California
Los Angeles,2020-12-18,14515,28503,14491,28479,24,24,0,0,14515,28504,0,0,14515,28504,California
Los Angeles,2020-12-19,7225,35728,7217,35696,8,32,0,0,7226,35730,0,0,7226,35730,California
Los Angeles,2020-12-20,4588,40316,4581,40277,7,39,0,0,4590,40320,0,0,4590,40320,California
Los Angeles,2020-12-21,13682,53998,13668,53945,14,53,0,0,13683,54002,1,1,13683,54003,California
Los Angeles,2020-12-22,11521,65519,11140,65085,381,434,0,0,11522,65523,1,2,11522,65525,California
Los Angeles,2020-12-23,11884,77403,10130,75215,1754,2188,0,0,11885,77408,0,2,11885,77410,California
Los Angeles,2020-12-24,7015,84418,4248,79463,2767,4955,0,0,7018,84426,0,2,7018,84428,California
Los Angeles,2020-12-25,524,84942,419,79882,105,5060,0,0,524,84950,0,2,524,84952,California
Los Angeles,2020-12-26,2524,87466,2179,82061,345,5405,0,0,2524,87473,1,3,2524,87476,California
Los Angeles,2020-12-27,1756,89222,1027,83088,729,6134,0,0,1756,89229,0,3,1756,89232,California
Los Angeles,2020-12-28,10278,99500,6377,89465,3901,10035,0,0,10276,99504,1,4,10276,99508,California
Los Angeles,2020-12-29,11594,111094,6073,95538,5521,15556,0,0,11596,111100,0,4,11596,111104,California
Los Angeles,2020-12-30,14855,125949,8082,103620,6773,22329,0,0,14854,125954,0,4,14854,125958,California
Los Angeles,2020-12-31,7920,133869,2751,106371,5169,27498,0,0,7917,133869,2,6,7917,133875,California
Los Angeles,2021-01-01,988,134857,268,106639,720,28218,0,0,988,134857,0,6,988,134863,California
Los Angeles,2021-01-02,4450,139307,1652,108291,2798,31016,0,0,4450,139307,0,6,4450,139313,California
Los Angeles,2021-01-03,934,140241,211,108502,723,31739,0,0,933,140239,1,7,933,140246,California
Los Angeles,2021-01-04,12692,152933,4876,113378,7816,39555,0,0,12678,152914,3,10,12678,152924,California
Los Angeles,2021-01-05,15999,168932,7075,120453,8924,48479,0,0,14099,165143,1873,1883,14102,167026,California
Los Angeles,2021-01-06,22546,191478,12081,132534,10465,58944,0,0,16954,176580,5524,7407,16961,183987,California
Los Angeles,2021-01-07,29362,220840,15809,148343,13553,72497,0,0,18857,184991,10459,17866,18870,202857,California
Los Angeles,2021-01-08,33070,253910,17895,166238,15175,87672,0,0,20852,193660,12191,30057,20860,223717,California
Los Angeles,2021-01-09,12359,266269,7072,173310,5287,92959,0,0,7495,196299,4862,34919,7501,231218,California
Los Angeles,2021-01-10,4651,270920,3628,176938,1023,93982,0,0,1922,195493,2729,37648,1923,233141,California
Los Angeles,2021-01-11,25786,296706,16243,193181,9543,103525,0,0,14860,199446,10915,48563,14868,248009,California
Los Angeles,2021-01-12,29206,325912,16074,209255,13132,116657,0,0,19076,208419,10112,58675,19085,267094,California
Los Angeles,2021-01-13,29262,355174,15630,224885,13632,130289,0,0,20314,219806,8931,67606,20318,287412,California
Los Angeles,2021-01-14,29225,384399,12709,237594,16516,146805,0,0,23724,238057,5482,73088,23733,311145,California
Los Angeles,2021-01-15,33786,418185,12357,249951,21429,168234,0,0,30216,264735,3545,76633,30223,341368,California
Los Angeles,2021-01-16,17553,435738,4962,254913,12591,180825,0,0,15777,278748,1768,78401,15781,357149,California
Los Angeles,2021-01-17,5185,440923,2306,257219,2879,183704,0,0,4940,283446,244,78645,4942,362091,California
Los Angeles,2021-01-18,15570,456493,10052,267271,5518,189222,0,0,10865,289620,4693,83338,10867,372958,California
Los Angeles,2021-01-19,38436,494929,20556,287827,17880,207102,0,0,30647,312529,7748,91086,30657,403615,California
Los Angeles,2021-01-20,45640,540569,23806,311633,21834,228936,0,0,38156,343241,7454,98540,38166,441781,California
Los Angeles,2021-01-21,48619,589188,22419,334052,26200,255136,0,0,44359,383416,4198,102738,44373,486154,California
Los Angeles,2021-01-22,47844,637032,22213,356265,25631,280767,0,0,44436,424497,3364,106102,44445,530599,California
Los Angeles,2021-01-23,33943,670975,15701,371966,18242,299009,0,0,31896,454389,2015,108117,31907,562506,California
Los Angeles,2021-01-24,15733,686708,12211,384177,3522,302531,0,0,15184,469033,541,108658,15185,577691,California
Los Angeles,2021-01-25,38676,725384,16430,400607,22246,324777,0,0,30200,490802,8447,117105,30216,607907,California
Los Angeles,2021-01-26,49227,774611,24446,425053,24781,349558,0,0,41045,523719,8147,125252,41064,648971,California
Los Angeles,2021-01-27,48478,823089,25814,450867,22664,372222,0,0,39263,553920,9080,134332,39281,688252,California
Los Angeles,2021-01-28,48578,871667,23103,473970,25475,397697,0,0,40180,585837,8277,142609,40194,728446,California
Los Angeles,2021-01-29,49244,920911,25404,499374,23840,421537,0,0,39190,615343,9700,152309,39206,767652,California
Los Angeles,2021-01-30,29999,950910,15414,514788,14585,436122,0,0,25856,637137,4066,156375,25860,793512,California
Los Angeles,2021-01-31,13005,963915,10371,525159,2634,438756,0,0,12082,648313,910,157285,12086,805598,California
Los Angeles,2021-02-01,37999,1001914,16182,541341,21817,460573,0,0,27732,665820,10234,167519,27741,833339,California
Los Angeles,2021-02-02,44198,1046112,17883,559224,26315,486888,0,0,32030,685722,12131,179650,32033,865372,California
Los Angeles,2021-02-03,52024,1098136,19479,578703,32545,519433,0,0,37350,708638,14440,194090,37356,902728,California
Los Angeles,2021-02-04,57138,1155274,20688,599391,36450,555883,0,0,39096,730013,17735,211825,39110,941838,California
Los Angeles,2021-02-05,61113,1216387,21028,620419,40085,595968,0,0,39255,747834,21440,233265,39261,981099,California
Los Angeles,2021-02-06,35470,1251857,13287,633706,22183,618151,0,0,27051,766561,8346,241611,27073,1008172,California
Los Angeles,2021-02-07,10801,1262658,8385,642091,2416,620567,0,0,8415,772612,2370,243981,8421,1016593,California
Los Angeles,2021-02-08,46694,1309352,21478,663569,25216,645783,0,0,30550,787155,16009,259990,30552,1047145,California
Los Angeles,2021-02-09,55698,1365050,24575,688144,31123,676906,0,0,28370,788276,27256,287246,28377,1075522,California
Los Angeles,2021-02-10,66842,1431892,29377,717521,37465,714371,0,0,30893,783603,35575,322821,30902,1106424,California
Los Angeles,2021-02-11,57932,1489824,30839,748360,27093,741464,0,0,28003,782121,29489,352310,28007,1134431,California
Los Angeles,2021-02-12,59482,1549306,29777,778137,29705,771169,0,0,25960,774911,33186,385496,25976,1160407,California
Los Angeles,2021-02-13,33771,1583077,19604,797741,14167,785336,0,0,15453,772167,18234,403730,15490,1175897,California
Los Angeles,2021-02-14,21870,1604947,14960,812701,6910,792246,0,0,8775,767910,13035,416765,8778,1184675,California
Los Angeles,2021-02-15,32414,1637361,15846,828547,16568,808814,0,0,17787,771137,14566,431331,17793,1202468,California
Los Angeles,2021-02-16,63943,1701304,32488,861035,31455,840269,0,0,29840,766971,34018,465349,29852,1232320,California
Los Angeles,2021-02-17,63981,1765285,34253,895288,29728,869997,0,0,26353,755870,37460,502809,26359,1258679,California
Los Angeles,2021-02-18,68017,1833302,34680,929968,33337,903334,0,0,28588,745211,39256,542065,28597,1287276,California
Los Angeles,2021-02-19,58039,1891341,35877,965845,22162,925496,0,0,28479,744240,29464,571529,28493,1315769,California
Los Angeles,2021-02-20,32738,1924079,23842,989687,8896,934392,0,0,15748,743048,16949,588478,15757,1331526,California
Los Angeles,2021-02-21,16663,1940742,15015,1004702,1648,936040,0,0,8489,743400,8140,596618,8492,1340018,California
Los Angeles,2021-02-22,34256,1974998,24944,1029646,9312,945352,0,0,17714,744655,16470,613088,17725,1357743,California
Los Angeles,2021-02-23,53569,2028567,22733,1052379,30836,976188,0,0,21102,733403,32365,645453,21113,1378856,California
Los Angeles,2021-02-24,63940,2092507,28118,1080497,35822,1012010,0,0,28071,725783,35708,681161,28088,1406944,California
Los Angeles,2021-02-25,73432,2165939,33702,1114199,39730,1051740,0,0,38560,729637,34718,715879,38572,1445516,California
Los Angeles,2021-02-26,82673,2248612,38539,1152738,44134,1095874,0,0,47322,741862,35124,751003,47349,1492865,California
Los Angeles,2021-02-27,58574,2307186,24926,1177664,33644,1129518,4,4,29941,743338,28492,779495,29968,1522833,California
Los Angeles,2021-02-28,26781,2333967,18481,1196145,8299,1137817,1,5,18844,754349,7841,787336,18852,1541685,California
Los Angeles,2021-03-01,55457,2389424,31075,1227220,24366,1162183,16,21,33624,766324,21680,809016,33655,1575340,California
Los Angeles,2021-03-02,70880,2460304,31419,1258639,39459,1201642,2,23,43329,782231,27434,836450,43341,1618681,California
Los Angeles,2021-03-03,82614,2542918,41537,1300176,41070,1242712,7,30,51949,803699,30510,866960,51978,1670659,California
Los Angeles,2021-03-04,89519,2632437,45692,1345868,43817,1286529,10,40,56514,827409,32832,899792,56542,1727201,California
Los Angeles,2021-03-05,87538,2719975,42613,1388481,44900,1331429,25,65,58359,856819,29007,928799,58417,1785618,California
Los Angeles,2021-03-06,66109,2786084,33245,1421726,31054,1362483,1810,1875,42581,877824,23392,952191,44397,1830015,California
Los Angeles,2021-03-07,25653,2811737,19288,1441014,5568,1368051,797,2672,19774,892539,5854,958045,20569,1850584,California
Los Angeles,2021-03-08,51306,2863043,26639,1467653,22725,1390776,1942,4614,38575,920417,12636,970681,40514,1891098,California
Los Angeles,2021-03-09,68827,2931870,26369,1494022,39188,1429964,3270,7884,41120,937238,27563,998244,44384,1935482,California
Los Angeles,2021-03-10,78782,3010652,37219,1531241,36917,1466881,4646,12530,49479,962176,29154,1027398,54092,1989574,California
Los Angeles,2021-03-11,91715,3102367,44711,1575952,40579,1507460,6425,18955,53810,984645,37733,1065131,60202,2049776,California
Los Angeles,2021-03-12,96596,3198963,42800,1618752,40052,1547512,13744,32699,56119,1014163,40300,1105431,69818,2119594,California
Los Angeles,2021-03-13,73903,3272866,34358,1653110,27650,1575162,11895,44594,43958,1040131,29844,1135275,55812,2175406,California
Los Angeles,2021-03-14,38019,3310885,25402,1678512,10203,1585365,2414,47008,25499,1055565,12461,1147736,27895,2203301,California
Los Angeles,2021-03-15,73403,3384288,35494,1714006,32582,1617947,5327,52335,44793,1077237,28431,1176167,50103,2253404,California
Los Angeles,2021-03-16,98194,3482482,42420,1756426,50017,1667964,5757,58092,64146,1113238,33874,1210041,69875,2323279,California
Los Angeles,2021-03-17,95109,3577591,42745,1799171,44175,1712139,8189,66281,63905,1154205,31022,1241063,71989,2395268,California
Los Angeles,2021-03-18,99780,3677371,47190,1846361,47408,1759547,5182,71463,63730,1187319,35788,1276851,68902,2464170,California
Los Angeles,2021-03-19,106299,3783670,55045,1901406,46586,1806133,4668,76131,66182,1218254,39869,1316720,70804,2534974,California
Los Angeles,2021-03-20,74942,3858612,36551,1937957,33885,1840018,4506,80637,52000,1251964,22783,1339503,56493,2591467,California
Los Angeles,2021-03-21,33537,3892149,24752,1962709,7942,1847960,843,81480,21790,1262948,11648,1351151,22632,2614099,California
Los Angeles,2021-03-22,67859,3960008,40173,2002882,25689,1873649,1997,83477,48345,1293984,19302,1370453,50338,2664437,California
Los Angeles,2021-03-23,93513,4053521,50518,2053400,40078,1913727,2917,86394,62051,1327701,31241,1401694,64958,2729395,California
Los Angeles,2021-03-24,102037,4155558,54203,2107603,44969,1958696,2865,89259,60539,1349877,41216,1442910,63392,2792787,California
Los Angeles,2021-03-25,107311,4262869,57417,2165020,46236,2004932,3658,92917,61630,1369724,45425,1488335,65272,2858059,California
Los Angeles,2021-03-26,111600,4374469,60864,2225884,46647,2051579,4089,97006,63608,1389650,47750,1536085,67676,2925735,California
Los Angeles,2021-03-27,81232,4455701,42780,2268664,36337,2087916,2115,99121,42218,1395192,38792,1574877,44334,2970069,California
Los Angeles,2021-03-28,40810,4496511,27290,2295954,12937,2100853,583,99704,20756,1396566,19965,1594842,21339,2991408,California
Los Angeles,2021-03-29,81170,4577681,45845,2341799,33731,2134584,1594,101298,46562,1410285,34432,1629274,48151,3039559,California
Los Angeles,2021-03-30,106392,4684073,49970,2391769,50711,2185295,5711,107009,65446,1440672,40748,1670022,71135,3110694,California
Los Angeles,2021-03-31,119448,4803521,59936,2451705,51016,2236311,8496,115505,69920,1469752,49297,1719319,78377,3189071,California
Los Angeles,2021-04-01,129847,4933368,60645,2512350,54440,2290751,14762,130267,70765,1496385,58841,1778160,85474,3274545,California
Los Angeles,2021-04-02,127814,5061182,56473,2568823,56518,2347269,14823,145090,68859,1521386,58666,1836826,83667,3358212,California
Los Angeles,2021-04-03,95935,5157117,43768,2612591,39160,2386429,13007,158097,47698,1533964,48083,1884909,60661,3418873,California
Los Angeles,2021-04-04,38869,5195986,20311,2632902,11988,2398417,6570,164667,16676,1535061,22129,1907038,23226,3442099,California
Los Angeles,2021-04-05,92747,5288733,43923,2676825,38834,2437251,9990,174657,44721,1541861,47866,1954904,54666,3496765,California
Los Angeles,2021-04-06,119685,5408418,56367,2733192,43255,2480506,20063,194720,55567,1553502,63907,2018811,75548,3572313,California
Los Angeles,2021-04-07,118320,5526738,53879,2787071,43599,2524105,20842,215562,54122,1564411,63978,2082789,74887,3647200,California
Los Angeles,2021-04-08,130971,5657709,57759,2844830,49401,2573506,23811,239373,59746,1576892,70976,2153765,83457,3730657,California
Los Angeles,2021-04-09,129031,5786740,55997,2900827,49541,2623047,23493,262866,56056,1583611,72724,2226489,79443,3810100,California
Los Angeles,2021-04-10,99820,5886560,42638,2943465,33438,2656485,23744,286610,36734,1581126,62886,2289375,60401,3870501,California
Los Angeles,2021-04-11,41446,5928006,22419,2965884,9578,2666063,9449,296059,14432,1578023,26949,2316324,23846,3894347,California
Los Angeles,2021-04-12,77860,6005866,38263,3004147,33393,2699456,6204,302263,32444,1571396,45241,2361565,38614,3932961,California
Los Angeles,2021-04-13,116565,6122431,58743,3062890,57403,2756859,419,302682,61818,1579092,54544,2416109,62240,3995201,California
Los Angeles,2021-04-14,116320,6238751,58693,3121583,57502,2814361,125,302807,63321,1589762,52769,2468878,63439,4058640,California
Los Angeles,2021-04-15,125902,6364653,67980,3189563,57756,2872117,166,302973,71638,1607528,54037,2522915,71803,4130443,California
Los Angeles,2021-04-16,127548,6492201,67912,3257475,59494,2931611,142,303115,67436,1615229,59880,2582795,67581,4198024,California
Los Angeles,2021-04-17,96278,6588479,50565,3308040,45688,2977299,25,303140,54902,1628959,41203,2623998,54933,4252957,California
Los Angeles,2021-04-18,33729,6622208,22367,3330407,11361,2988660,1,303141,18662,1632619,15009,2639007,18669,4271626,California
Los Angeles,2021-04-19,73832,6696040,39358,3369765,34451,3023111,23,303164,33167,1625301,40515,2679522,33197,4304823,California
Los Angeles,2021-04-20,100606,6796646,49269,3419034,51324,3074435,13,303177,50200,1625312,50203,2729725,50214,4355037,California
Los Angeles,2021-04-21,107931,6904577,51892,3470926,55850,3130285,189,303366,48233,1614292,59444,2789169,48424,4403461,California
Los Angeles,2021-04-22,113589,7018166,58650,3529576,54905,3185190,34,303400,50099,1601195,63235,2852404,50138,4453599,California
Los Angeles,2021-04-23,112149,7130315,61384,3590960,50749,3235939,16,303416,53488,1596293,58408,2910812,53506,4507105,California
Los Angeles,2021-04-24,86928,7217243,55861,3646821,31041,3266980,26,303442,48891,1607370,37844,2948656,48921,4556026,California
Los Angeles,2021-04-25,37673,7254916,25021,3671842,12647,3279627,5,303447,20384,1610553,17206,2965862,20389,4576415,California
Los Angeles,2021-04-26,65870,7320786,35356,3707198,30072,3309699,442,303889,32944,1611170,32762,2998624,33379,4609794,California
Los Angeles,2021-04-27,83370,7404156,40077,3747275,41629,3351328,1664,305553,31766,1593218,51375,3049999,33423,4643217,California
Los Angeles,2021-04-28,80122,7484278,38135,3785410,40034,3391362,1953,307506,30907,1577093,48983,3098982,32858,4676075,California
Los Angeles,2021-04-29,74202,7558480,35323,3820733,37246,3428608,1633,309139,26674,1558128,47274,3146256,28309,4704384,California
Los Angeles,2021-04-30,65457,7623937,32882,3853615,31206,3459814,1369,310508,22386,1539038,42838,3189094,23748,4728132,California
Los Angeles,2021-05-01,49193,7673130,27908,3881523,20575,3480389,710,311218,18453,1527596,30602,3219696,19160,4747292,California
Los Angeles,2021-05-02,10195,7683325,7914,3889437,2203,3482592,78,311296,5245,1528007,4911,3224607,5322,4752614,California
Madera,2020-12-16,22,22,22,22,0,0,0,0,22,22,0,0,22,22,California
Madera,2020-12-17,13,35,13,35,0,0,0,0,13,35,0,0,13,35,California
Madera,2020-12-18,61,96,61,96,0,0,0,0,61,96,0,0,61,96,California
Madera,2020-12-19,5,101,5,101,0,0,0,0,5,101,0,0,5,101,California
Madera,2020-12-20,14,115,14,115,0,0,0,0,14,115,0,0,14,115,California
Madera,2020-12-21,60,175,60,175,0,0,0,0,60,175,0,0,60,175,California
Madera,2020-12-22,97,272,95,270,2,2,0,0,97,272,0,0,97,272,California
Madera,2020-12-23,68,340,68,338,0,2,0,0,68,340,0,0,68,340,California
Madera,2020-12-24,45,385,40,378,5,7,0,0,45,385,0,0,45,385,California
Madera,2020-12-26,28,413,26,404,2,9,0,0,28,413,0,0,28,413,California
Madera,2020-12-27,30,443,12,416,18,27,0,0,30,443,0,0,30,443,California
Madera,2020-12-28,107,550,37,453,70,97,0,0,107,550,0,0,107,550,California
Madera,2020-12-29,175,725,40,493,135,232,0,0,175,725,0,0,175,725,California
Madera,2020-12-30,218,943,86,579,132,364,0,0,218,943,0,0,218,943,California
Madera,2020-12-31,201,1144,80,659,121,485,0,0,201,1144,0,0,201,1144,California
Madera,2021-01-01,1,1145,1,660,0,485,0,0,1,1145,0,0,1,1145,California
Madera,2021-01-02,89,1234,34,694,55,540,0,0,89,1234,0,0,89,1234,California
Madera,2021-01-03,5,1239,5,699,0,540,0,0,5,1239,0,0,5,1239,California
Madera,2021-01-04,129,1368,65,764,64,604,0,0,129,1368,0,0,129,1368,California
Madera,2021-01-05,279,1647,143,907,136,740,0,0,275,1639,4,4,275,1643,California
Madera,2021-01-06,184,1831,27,934,157,897,0,0,164,1783,20,24,164,1807,California
Madera,2021-01-07,396,2227,113,1047,283,1180,0,0,374,2135,22,46,374,2181,California
Madera,2021-01-08,419,2646,72,1119,347,1527,0,0,364,2446,54,100,365,2546,California
Madera,2021-01-09,37,2683,14,1133,23,1550,0,0,28,2465,9,109,28,2574,California
Madera,2021-01-10,17,2700,14,1147,3,1553,0,0,5,2458,12,121,5,2579,California
Madera,2021-01-11,238,2938,190,1337,48,1601,0,0,195,2610,43,164,195,2774,California
Madera,2021-01-12,390,3328,157,1494,233,1834,0,0,284,2788,106,270,284,3058,California
Madera,2021-01-13,185,3513,91,1585,94,1928,0,0,129,2862,56,326,130,3188,California
Madera,2021-01-14,554,4067,82,1667,472,2400,0,0,520,3348,34,360,520,3708,California
Madera,2021-01-15,600,4667,160,1827,440,2840,0,0,579,3906,21,381,579,4287,California
Madera,2021-01-16,382,5049,47,1874,335,3175,0,0,353,4230,29,410,353,4640,California
Madera,2021-01-17,335,5384,15,1889,320,3495,0,0,331,4557,4,414,331,4971,California
Madera,2021-01-18,77,5461,61,1950,16,3511,0,0,58,4597,18,432,58,5029,California
Madera,2021-01-19,571,6032,135,2085,436,3947,0,0,544,5115,27,459,545,5574,California
Madera,2021-01-20,235,6267,80,2165,155,4102,0,0,207,5295,27,486,207,5781,California
Madera,2021-01-21,237,6504,130,2295,107,4209,0,0,204,5468,31,517,204,5985,California
Madera,2021-01-22,257,6761,83,2378,174,4383,0,0,243,5697,14,531,243,6228,California
Madera,2021-01-23,100,6861,52,2430,48,4431,0,0,76,5749,24,555,76,6304,California
Madera,2021-01-24,101,6962,82,2512,19,4450,0,0,78,5804,23,578,78,6382,California
Madera,2021-01-25,255,7217,124,2636,131,4581,0,0,141,5831,114,692,141,6523,California
Madera,2021-01-26,483,7700,189,2825,294,4875,0,0,293,5937,189,881,295,6818,California
Madera,2021-01-27,736,8436,63,2888,673,5548,0,0,600,6402,136,1017,601,7419,California
Madera,2021-01-28,541,8977,106,2994,435,5983,0,0,438,6737,103,1120,438,7857,California
Madera,2021-01-29,468,9445,95,3089,373,6356,0,0,412,7093,56,1176,412,8269,California
Madera,2021-01-30,505,9950,16,3105,489,6845,0,0,451,7490,54,1230,451,8720,California
Madera,2021-01-31,10,9960,7,3112,3,6848,0,0,9,7498,1,1231,9,8729,California
Madera,2021-02-01,257,10217,73,3185,184,7032,0,0,197,7635,60,1291,197,8926,California
Madera,2021-02-02,252,10469,87,3272,165,7197,0,0,161,7707,90,1381,162,9088,California
Madera,2021-02-03,593,11062,459,3731,134,7331,0,0,474,8065,117,1498,475,9563,California
Madera,2021-02-04,388,11450,121,3852,267,7598,0,0,111,7901,276,1774,112,9675,California
Madera,2021-02-05,975,12425,297,4149,678,8276,0,0,369,7670,601,2375,370,10045,California
Madera,2021-02-06,360,12785,325,4474,35,8311,0,0,321,7953,38,2413,321,10366,California
Madera,2021-02-07,35,12820,7,4481,28,8339,0,0,30,7978,5,2418,30,10396,California
Madera,2021-02-08,384,13204,308,4789,76,8415,0,0,270,8135,113,2531,270,10666,California
Madera,2021-02-09,479,13683,119,4908,360,8775,0,0,197,8054,279,2810,198,10864,California
Madera,2021-02-10,428,14111,148,5056,280,9055,0,0,322,8270,106,2916,322,11186,California
Madera,2021-02-11,935,15046,306,5362,629,9684,0,0,406,8149,528,3444,407,11593,California
Madera,2021-02-12,843,15889,119,5481,724,10408,0,0,310,7935,527,3971,313,11906,California
Madera,2021-02-13,485,16374,44,5525,441,10849,0,0,139,7731,345,4316,141,12047,California
Madera,2021-02-14,399,16773,75,5600,324,11173,0,0,137,7607,262,4578,138,12185,California
Madera,2021-02-15,244,17017,98,5698,146,11319,0,0,175,7714,68,4646,175,12360,California
Madera,2021-02-16,775,17792,183,5881,592,11911,0,0,230,7403,542,5188,231,12591,California
Madera,2021-02-17,607,18399,273,6154,334,12245,0,0,338,7479,264,5452,340,12931,California
Madera,2021-02-18,1299,19698,540,6694,759,13004,0,0,1121,8424,178,5630,1123,14054,California
Madera,2021-02-19,861,20559,545,7239,316,13320,0,0,719,9003,142,5772,721,14775,California
Madera,2021-02-20,1069,21628,978,8217,91,13411,0,0,998,9932,70,5842,999,15774,California
Madera,2021-02-21,964,22592,821,9038,143,13554,0,0,958,10884,6,5848,958,16732,California
Madera,2021-02-22,908,23500,832,9870,76,13630,0,0,854,11684,54,5902,854,17586,California
Madera,2021-02-23,769,24269,496,10366,273,13903,0,0,549,12014,219,6121,549,18135,California
Madera,2021-02-24,906,25175,300,10666,606,14509,0,0,378,11864,528,6649,378,18513,California
Madera,2021-02-25,1016,26191,306,10972,710,15219,0,0,586,12022,428,7077,586,19099,California
Madera,2021-02-26,1071,27262,185,11157,886,16105,0,0,696,12345,373,7450,696,19795,California
Madera,2021-02-27,872,28134,245,11402,627,16732,0,0,449,12377,420,7870,452,20247,California
Madera,2021-02-28,188,28322,29,11431,159,16891,0,0,182,12553,6,7876,182,20429,California
Madera,2021-03-01,372,28694,118,11549,254,17145,0,0,192,12567,178,8054,192,20621,California
Madera,2021-03-02,650,29344,268,11817,382,17527,0,0,538,12994,112,8166,539,21160,California
Madera,2021-03-03,1318,30662,705,12522,613,18140,0,0,918,13539,397,8563,942,22102,California
Madera,2021-03-04,1172,31834,505,13027,667,18807,0,0,927,14223,246,8809,930,23032,California
Madera,2021-03-05,1326,33160,406,13433,908,19715,12,12,1063,15048,261,9070,1086,24118,California
Madera,2021-03-06,803,33963,622,14055,149,19864,32,44,484,15246,319,9389,517,24635,California
Madera,2021-03-07,153,34116,27,14082,104,19968,22,66,103,15321,50,9439,125,24760,California
Madera,2021-03-08,596,34712,335,14417,202,20170,59,125,303,15392,293,9732,364,25124,California
Madera,2021-03-09,453,35165,159,14576,260,20430,34,159,276,15535,175,9907,318,25442,California
Madera,2021-03-10,1131,36296,508,15084,546,20976,77,236,705,15896,422,10329,783,26225,California
Madera,2021-03-11,1659,37955,844,15928,483,21459,332,568,749,16080,908,11237,1092,27317,California
Madera,2021-03-12,1528,39483,777,16705,596,22055,155,723,750,16234,776,12013,930,28247,California
Madera,2021-03-13,1812,41295,1269,17974,345,22400,198,921,746,16130,1064,13077,960,29207,California
Madera,2021-03-14,581,41876,448,18422,101,22501,32,953,293,16169,286,13363,325,29532,California
Madera,2021-03-15,729,42605,213,18635,469,22970,47,1000,506,16527,220,13583,578,30110,California
Madera,2021-03-16,819,43424,420,19055,352,23322,47,1047,637,17049,179,13762,701,30811,California
Madera,2021-03-17,1413,44837,932,19987,419,23741,62,1109,860,17516,545,14307,1012,31823,California
Madera,2021-03-18,1871,46708,647,20634,1164,24905,60,1169,909,17614,955,15262,1053,32876,California
Madera,2021-03-19,1494,48202,587,21221,823,25728,84,1253,960,18194,528,15790,1108,33984,California
Madera,2021-03-20,1129,49331,772,21993,306,26034,51,1304,579,18321,549,16339,676,34660,California
Madera,2021-03-21,1073,50404,872,22865,156,26190,45,1349,357,18011,713,17052,403,35063,California
Madera,2021-03-22,1358,51762,852,23717,438,26628,68,1417,686,18138,669,17721,796,35859,California
Madera,2021-03-23,1396,53158,840,24557,465,27093,91,1508,738,18393,656,18377,911,36770,California
Madera,2021-03-24,904,54062,469,25026,404,27497,31,1539,599,18724,303,18680,634,37404,California
Madera,2021-03-25,1122,55184,488,25514,610,28107,24,1563,644,18938,467,19147,681,38085,California
Madera,2021-03-26,1438,56622,509,26023,797,28904,132,1695,674,18989,758,19905,809,38894,California
Madera,2021-03-27,829,57451,529,26552,279,29183,21,1716,373,18933,450,20355,394,39288,California
Madera,2021-03-28,419,57870,136,26688,222,29405,61,1777,229,19086,189,20544,342,39630,California
Madera,2021-03-29,678,58548,178,26866,473,29878,27,1804,488,19418,187,20731,519,40149,California
Madera,2021-03-30,1014,59562,561,27427,421,30299,32,1836,556,19552,455,21186,589,40738,California
Madera,2021-03-31,1319,60881,487,27914,697,30996,135,1971,447,19269,866,22052,583,41321,California
Madera,2021-04-01,1225,62106,537,28451,639,31635,49,2020,438,18972,782,22834,485,41806,California
Madera,2021-04-02,1526,63632,408,28859,1059,32694,59,2079,472,18461,1044,23878,533,42339,California
Madera,2021-04-03,874,64506,683,29542,171,32865,20,2099,381,18380,491,24369,410,42749,California
Madera,2021-04-04,184,64690,65,29607,117,32982,2,2101,85,18368,99,24468,87,42836,California
Madera,2021-04-05,734,65424,255,29862,421,33403,58,2159,340,18387,393,24861,412,43248,California
Madera,2021-04-06,1688,67112,878,30740,462,33865,348,2507,635,18317,1052,25913,982,44230,California
Madera,2021-04-07,1197,68309,372,31112,676,34541,149,2656,454,18185,740,26653,608,44838,California
Madera,2021-04-08,1694,70003,657,31769,784,35325,253,2909,571,17897,1119,27772,831,45669,California
Madera,2021-04-09,1608,71611,670,32439,790,36115,148,3057,939,18323,664,28436,1090,46759,California
Madera,2021-04-10,952,72563,677,33116,208,36323,67,3124,707,18853,245,28681,775,47534,California
Madera,2021-04-11,775,73338,628,33744,69,36392,78,3202,286,18728,487,29168,362,47896,California
Madera,2021-04-12,779,74117,266,34010,435,36827,78,3280,302,18632,477,29645,381,48277,California
Madera,2021-04-13,1234,75351,609,34619,584,37411,41,3321,732,18915,500,30145,783,49060,California
Madera,2021-04-14,1361,76712,837,35456,524,37935,0,3321,575,18712,784,30929,581,49641,California
Madera,2021-04-15,1083,77795,455,35911,627,38562,1,3322,431,18504,641,31570,433,50074,California
Madera,2021-04-16,1279,79074,518,36429,761,39323,0,3322,443,18122,826,32396,444,50518,California
Madera,2021-04-17,1265,80339,1065,37494,200,39523,0,3322,827,18512,437,32833,827,51345,California
Madera,2021-04-18,244,80583,207,37701,37,39560,0,3322,99,18467,144,32977,99,51444,California
Madera,2021-04-19,796,81379,232,37933,563,40123,1,3323,269,18216,521,33498,270,51714,California
Madera,2021-04-20,865,82244,424,38357,441,40564,0,3323,237,17830,625,34123,239,51953,California
Madera,2021-04-21,853,83097,448,38805,405,40969,0,3323,299,17580,551,34674,301,52254,California
Madera,2021-04-22,1053,84150,510,39315,543,41512,0,3323,392,17316,657,35331,393,52647,California
Madera,2021-04-23,916,85066,294,39609,621,42133,1,3324,314,17033,598,35929,315,52962,California
Madera,2021-04-24,703,85769,464,40073,239,42372,0,3324,284,16903,415,36344,285,53247,California
Madera,2021-04-25,264,86033,160,40233,101,42473,3,3327,118,16882,143,36487,122,53369,California
Madera,2021-04-26,500,86533,89,40322,406,42879,5,3332,102,16592,397,36884,107,53476,California
Madera,2021-04-27,554,87087,258,40580,275,43154,21,3353,295,16651,258,37142,317,53793,California
Madera,2021-04-28,433,87520,189,40769,228,43382,16,3369,217,16669,215,37357,233,54026,California
Madera,2021-04-29,423,87943,178,40947,216,43598,29,3398,211,16704,205,37562,240,54266,California
Madera,2021-04-30,693,88636,455,41402,230,43828,8,3406,160,16342,530,38092,168,54434,California
Madera,2021-05-01,808,89444,765,42167,40,43868,3,3409,307,16151,501,38593,310,54744,California
Madera,2021-05-02,329,89773,316,42483,12,43880,1,3410,120,16063,209,38802,121,54865,California
Marin,2020-12-15,2,2,2,2,0,0,0,0,2,2,0,0,2,2,California
Marin,2020-12-16,107,109,107,109,0,0,0,0,107,109,0,0,107,109,California
Marin,2020-12-17,260,369,260,369,0,0,0,0,260,369,0,0,260,369,California
Marin,2020-12-18,373,742,373,742,0,0,0,0,373,742,0,0,373,742,California
Marin,2020-12-19,349,1091,348,1090,1,1,0,0,349,1091,0,0,349,1091,California
Marin,2020-12-20,167,1258,166,1256,1,2,0,0,167,1258,0,0,167,1258,California
Marin,2020-12-21,238,1496,235,1491,3,5,0,0,238,1496,0,0,238,1496,California
Marin,2020-12-22,522,2018,318,1809,204,209,0,0,522,2018,0,0,522,2018,California
Marin,2020-12-23,730,2748,321,2130,409,618,0,0,730,2748,0,0,730,2748,California
Marin,2020-12-24,357,3105,159,2289,198,816,0,0,357,3105,0,0,357,3105,California
Marin,2020-12-25,27,3132,0,2289,27,843,0,0,27,3132,0,0,27,3132,California
Marin,2020-12-26,142,3274,93,2382,49,892,0,0,142,3274,0,0,142,3274,California
Marin,2020-12-27,92,3366,55,2437,37,929,0,0,92,3366,0,0,92,3366,California
Marin,2020-12-28,408,3774,99,2536,309,1238,0,0,408,3774,0,0,408,3774,California
Marin,2020-12-29,402,4176,88,2624,314,1552,0,0,402,4176,0,0,402,4176,California
Marin,2020-12-30,626,4802,388,3012,238,1790,0,0,626,4802,0,0,626,4802,California
Marin,2020-12-31,196,4998,33,3045,163,1953,0,0,196,4998,0,0,196,4998,California
Marin,2021-01-01,15,5013,6,3051,9,1962,0,0,15,5013,0,0,15,5013,California
Marin,2021-01-02,105,5118,99,3150,6,1968,0,0,105,5118,0,0,105,5118,California
Marin,2021-01-03,54,5172,36,3186,18,1986,0,0,51,5169,0,0,51,5169,California
Marin,2021-01-04,293,5465,189,3375,104,2090,0,0,292,5460,1,1,292,5461,California
Marin,2021-01-05,365,5830,222,3597,143,2233,0,0,322,5739,43,44,322,5783,California
Marin,2021-01-06,819,6649,318,3915,501,2734,0,0,641,6202,178,222,641,6424,California
Marin,2021-01-07,889,7538,501,4416,388,3122,0,0,543,6399,346,568,543,6967,California
Marin,2021-01-08,971,8509,515,4931,456,3578,0,0,594,6617,376,944,594,7561,California
Marin,2021-01-09,618,9127,223,5154,395,3973,0,0,486,6971,132,1076,486,8047,California
Marin,2021-01-10,128,9255,99,5253,29,4002,0,0,54,6951,74,1150,54,8101,California
Marin,2021-01-11,467,9722,326,5579,141,4143,0,0,247,6980,220,1370,249,8350,California
Marin,2021-01-12,936,10658,539,6118,397,4540,0,0,568,7183,365,1735,568,8918,California
Marin,2021-01-13,1175,11833,498,6616,677,5217,0,0,937,7882,238,1973,937,9855,California
Marin,2021-01-14,1067,12900,318,6934,749,5966,0,0,917,8651,148,2121,917,10772,California
Marin,2021-01-15,1153,14053,354,7288,799,6765,0,0,1023,9546,129,2250,1024,11796,California
Marin,2021-01-16,1119,15172,914,8202,205,6970,0,0,1045,10517,74,2324,1045,12841,California
Marin,2021-01-17,1232,16404,1113,9315,119,7089,0,0,1204,11697,27,2351,1207,14048,California
Marin,2021-01-18,360,16764,159,9474,201,7290,0,0,309,11955,51,2402,309,14357,California
Marin,2021-01-19,1154,17918,912,10386,242,7532,0,0,982,12766,171,2573,982,15339,California
Marin,2021-01-20,1786,19704,1204,11590,582,8114,0,0,1056,13103,719,3292,1056,16395,California
Marin,2021-01-21,1683,21387,1061,12651,622,8736,0,0,1331,14087,349,3641,1333,17728,California
Marin,2021-01-22,1698,23085,1087,13738,611,9347,0,0,1530,15449,168,3809,1530,19258,California
Marin,2021-01-23,1843,24928,1342,15080,501,9848,0,0,1756,17119,86,3895,1756,21014,California
Marin,2021-01-24,613,25541,166,15246,447,10295,0,0,581,17668,32,3927,581,21595,California
Marin,2021-01-25,1123,26664,227,15473,896,11191,0,0,691,17928,432,4359,692,22287,California
Marin,2021-01-26,1502,28166,780,16253,722,11913,0,0,1124,18675,377,4736,1124,23411,California
Marin,2021-01-27,1704,29870,876,17129,828,12741,0,0,1352,19678,350,5086,1353,24764,California
Marin,2021-01-28,2077,31947,1068,18197,1009,13750,0,0,1813,21229,263,5349,1814,26578,California
Marin,2021-01-29,2195,34142,1446,19643,749,14499,0,0,1992,23031,191,5540,1993,28571,California
Marin,2021-01-30,1720,35862,905,20548,815,15314,0,0,1642,24596,78,5618,1643,30214,California
Marin,2021-01-31,454,36316,317,20865,137,15451,0,0,429,25000,25,5643,429,30643,California
Marin,2021-02-01,1088,37404,416,21281,672,16123,0,0,889,25691,199,5842,890,31533,California
Marin,2021-02-02,1350,38754,462,21743,888,17011,0,0,723,25797,617,6459,723,32256,California
Marin,2021-02-03,1781,40535,429,22172,1352,18363,0,0,1256,26529,524,6983,1256,33512,California
Marin,2021-02-04,1539,42074,513,22685,1026,19389,0,0,936,26865,600,7583,936,34448,California
Marin,2021-02-05,2176,44250,682,23367,1494,20883,0,0,1338,27369,834,8417,1338,35786,California
Marin,2021-02-06,1425,45675,850,24217,575,21458,0,0,603,27151,821,9238,603,36389,California
Marin,2021-02-07,1287,46962,1005,25222,282,21740,0,0,489,26843,797,10035,489,36878,California
Marin,2021-02-08,1517,48479,753,25975,764,22504,0,0,725,26778,790,10825,725,37603,California
Marin,2021-02-09,1781,50260,1121,27096,660,23164,0,0,836,26669,945,11770,836,38439,California
Marin,2021-02-10,2336,52596,1490,28586,846,24010,0,0,1218,26772,1116,12886,1219,39658,California
Marin,2021-02-11,2866,55462,1644,30230,1222,25232,0,0,1453,26820,1408,14294,1456,41114,California
Marin,2021-02-12,3064,58526,1540,31770,1524,26756,0,0,1568,26895,1493,15787,1568,42682,California
Marin,2021-02-13,2334,60860,1243,33013,1091,27847,0,0,1127,26817,1205,16992,1127,43809,California
Marin,2021-02-14,811,61671,302,33315,509,28356,0,0,718,27443,93,17085,719,44528,California
Marin,2021-02-15,1216,62887,355,33670,861,29217,0,0,836,27901,379,17464,837,45365,California
Marin,2021-02-16,2461,65348,1055,34725,1406,30623,0,0,1502,28445,958,18422,1502,46867,California
Marin,2021-02-17,2098,67446,942,35667,1156,31779,0,0,1085,28520,1011,19433,1086,47953,California
Marin,2021-02-18,2417,69863,1582,37249,835,32614,0,0,1062,28228,1354,20787,1062,49015,California
Marin,2021-02-19,2758,72621,2155,39404,603,33217,0,0,1221,27925,1525,22312,1222,50237,California
Marin,2021-02-20,2564,75185,2111,41515,453,33670,0,0,1215,27798,1343,23655,1216,51453,California
Marin,2021-02-21,1281,76466,1089,42604,192,33862,0,0,907,28335,370,24025,907,52360,California
Marin,2021-02-22,1824,78290,1406,44010,418,34280,0,0,1214,28941,608,24633,1214,53574,California
Marin,2021-02-23,2834,81124,1616,45626,1218,35498,0,0,1908,29933,917,25550,1909,55483,California
Marin,2021-02-24,3511,84635,1608,47234,1903,37401,0,0,2257,30944,1247,26797,2258,57741,California
Marin,2021-02-25,3927,88562,1808,49042,2119,39520,0,0,2770,32565,1150,27947,2771,60512,California
Marin,2021-02-26,3485,92047,1883,50925,1602,41122,0,0,2529,34150,945,28892,2530,63042,California
Marin,2021-02-27,2608,94655,1495,52420,1113,42235,0,0,1776,35099,829,29721,1778,64820,California
Marin,2021-02-28,1378,96033,917,53337,461,42696,0,0,1042,35808,333,30054,1042,65862,California
Marin,2021-03-01,2478,98511,1537,54874,941,43637,0,0,1666,36667,807,30861,1666,67528,California
Marin,2021-03-02,2437,100948,1601,56475,835,44472,1,1,1688,37610,746,31607,1689,69217,California
Marin,2021-03-03,4303,105251,2387,58862,1913,46385,3,4,2790,38895,1508,33115,2793,72010,California
Marin,2021-03-04,3343,108594,1646,60508,1696,48081,1,5,2332,40227,1004,34119,2336,74346,California
Marin,2021-03-05,3032,111626,1138,61646,1882,49963,12,17,1779,40768,1250,35369,1791,76137,California
Marin,2021-03-06,3226,114852,2314,63960,834,50797,78,95,2653,42930,568,35937,2730,78867,California
Marin,2021-03-07,1371,116223,1153,65113,194,50991,24,119,981,43549,386,36323,1005,79872,California
Marin,2021-03-08,1873,118096,1368,66481,388,51379,117,236,1408,44612,462,36785,1525,81397,California
Marin,2021-03-09,2100,120196,1217,67698,776,52155,107,343,1426,45473,672,37457,1533,82930,California
Marin,2021-03-10,4394,124590,2457,70155,1657,53812,280,623,3170,47703,1221,38678,3451,86381,California
Marin,2021-03-11,4556,129146,1875,72030,2546,56358,135,758,3268,49825,1281,39959,3403,89784,California
Marin,2021-03-12,3972,133118,1535,73565,2081,58439,356,1114,1562,49344,2399,42358,1918,91702,California
Marin,2021-03-13,4091,137209,2856,76421,1163,59602,72,1186,2419,50160,1670,44028,2486,94188,California
Marin,2021-03-14,2273,139482,1096,77517,1060,60662,117,1303,726,49458,1545,45573,843,95031,California
Marin,2021-03-15,3228,142710,1761,79278,1420,62082,47,1350,1218,48722,2000,47573,1264,96295,California
Marin,2021-03-16,4293,147003,2309,81587,1620,63702,364,1714,1519,47832,2771,50344,1881,98176,California
Marin,2021-03-17,4174,151177,2265,83852,1865,65567,44,1758,2054,47820,2109,52453,2097,100273,California
Marin,2021-03-18,4474,155651,2249,86101,2150,67717,75,1833,2243,47919,2217,54670,2316,102589,California
Marin,2021-03-19,4462,160113,2279,88380,1965,69682,218,2051,2429,48540,2025,56695,2646,105235,California
Marin,2021-03-20,3577,163690,1982,90362,1481,71163,114,2165,2035,49155,1535,58230,2150,107385,California
Marin,2021-03-21,1528,165218,1125,91487,378,71541,25,2190,796,49246,730,58960,821,108206,California
Marin,2021-03-22,2464,167682,2131,93618,168,71709,165,2355,989,48929,1471,60431,1154,109360,California
Marin,2021-03-23,4236,171918,2189,95807,1917,73626,130,2485,1937,48703,2293,62724,2067,111427,California
Marin,2021-03-24,4415,176333,2895,98702,1416,75042,104,2589,1795,47991,2609,65333,1897,113324,California
Marin,2021-03-25,4636,180969,2832,101534,1736,76778,68,2657,2265,47963,2359,67692,2331,115655,California
Marin,2021-03-26,4283,185252,2324,103858,1745,78523,214,2871,2419,48749,1847,69539,2633,118288,California
Marin,2021-03-27,3691,188943,2649,106507,1023,79546,19,2890,1146,47378,2535,72074,1164,119452,California
Marin,2021-03-28,2379,191322,1718,108225,655,80201,6,2896,1104,47219,1269,73343,1110,120562,California
Marin,2021-03-29,2687,194009,2095,110320,567,80768,25,2921,1191,46941,1494,74837,1216,121778,California
Marin,2021-03-30,4651,198660,3644,113964,974,81742,33,2954,3060,48446,1588,76425,3093,124871,California
Marin,2021-03-31,5793,204453,4108,118072,1636,83378,49,3003,2582,47877,3200,79625,2631,127502,California
Marin,2021-04-01,4390,208843,2268,120340,1871,85249,251,3254,2110,47965,2273,81898,2361,129863,California
Marin,2021-04-02,3689,212532,1833,122173,1493,86742,363,3617,1971,48584,1711,83609,2330,132193,California
Marin,2021-04-03,3831,216363,2519,124692,944,87686,368,3985,1462,48055,2359,85968,1830,134023,California
Marin,2021-04-04,1636,217999,1228,125920,204,87890,204,4189,1194,49013,440,86408,1398,135421,California
Marin,2021-04-05,2187,220186,1520,127440,297,88187,370,4559,1261,49721,921,87329,1629,137050,California
Marin,2021-04-06,3940,224126,2110,129550,1282,89469,548,5107,2191,50713,1744,89073,2736,139786,California
Marin,2021-04-07,3913,228039,1981,131531,1293,90762,639,5746,1427,50300,2479,91552,2066,141852,California
Marin,2021-04-08,4995,233034,1953,133484,2434,93196,608,6354,2284,50480,2703,94255,2883,144735,California
Marin,2021-04-09,3941,236975,1530,135014,1685,94881,726,7080,1293,49853,2643,96898,2016,146751,California
Marin,2021-04-10,3184,240159,1461,136475,1290,96171,433,7513,1434,49977,1740,98638,1864,148615,California
Marin,2021-04-11,1056,241215,801,137276,93,96264,162,7675,474,50031,581,99219,635,149250,California
Marin,2021-04-12,1729,242944,1228,138504,341,96605,160,7835,919,50304,807,100026,1080,150330,California
Marin,2021-04-13,3704,246648,2268,140772,1429,98034,7,7842,1348,49313,2346,102372,1355,151685,California
Marin,2021-04-14,4143,250791,2473,143245,1668,99702,2,7844,1701,48580,2435,104807,1702,153387,California
Marin,2021-04-15,5545,256336,3925,147170,1620,101322,0,7844,3179,49407,2353,107160,3180,156567,California
Marin,2021-04-16,4236,260572,2230,149400,2003,103325,3,7847,2064,49314,2160,109320,2067,158634,California
Marin,2021-04-17,3519,264091,2151,151551,1368,104693,0,7847,1758,49316,1756,111076,1758,160392,California
Marin,2021-04-18,3198,267289,3096,154647,102,104795,0,7847,2562,51245,633,111709,2562,162954,California
Marin,2021-04-19,2010,269299,1842,156489,168,104963,0,7847,1162,51564,845,112554,1164,164118,California
Marin,2021-04-20,3690,272989,2552,159041,1138,106101,0,7847,1478,50835,2207,114761,1478,165596,California
Marin,2021-04-21,3998,276987,2940,161981,1055,107156,3,7850,1377,49606,2607,117368,1378,166974,California
Marin,2021-04-22,4201,281188,3203,165184,998,108154,0,7850,1481,48376,2714,120082,1484,168458,California
Marin,2021-04-23,3216,284404,1819,167003,1397,109551,0,7850,1230,47626,1981,122063,1231,169689,California
Marin,2021-04-24,2511,286915,1692,168695,818,110369,1,7851,924,46973,1578,123641,925,170614,California
Marin,2021-04-25,1388,288303,1271,169966,117,110486,0,7851,314,46218,1069,124710,314,170928,California
Marin,2021-04-26,1521,289824,1321,171287,198,110684,2,7853,341,45383,1179,125889,344,171272,California
Marin,2021-04-27,2906,292730,2134,173421,734,111418,38,7891,940,44401,1956,127845,974,172246,California
Marin,2021-04-28,2192,294922,1501,174922,648,112066,43,7934,670,43594,1519,129364,712,172958,California
Marin,2021-04-29,2393,297315,1604,176526,731,112797,58,7992,658,42581,1729,131093,716,173674,California
Marin,2021-04-30,1532,298847,1084,177610,432,113229,16,8008,557,42184,971,132064,574,174248,California
Marin,2021-05-01,1387,300234,852,178462,534,113763,1,8009,455,41715,925,132989,456,174704,California
Marin,2021-05-02,561,300795,514,178976,47,113810,0,8009,169,41494,390,133379,169,174873,California
Mariposa,2020-12-17,37,37,37,37,0,0,0,0,39,39,0,0,39,39,California
Mariposa,2020-12-18,56,93,56,93,0,0,0,0,57,96,0,0,57,96,California
Mariposa,2020-12-20,2,95,2,95,0,0,0,0,2,98,0,0,2,98,California
Mariposa,2020-12-21,47,142,47,142,0,0,0,0,52,150,0,0,52,150,California
Mariposa,2020-12-22,5,147,5,147,0,0,0,0,5,155,0,0,5,155,California
Mariposa,2020-12-23,17,164,17,164,0,0,0,0,17,172,0,0,17,172,California
Mariposa,2020-12-24,1,165,0,164,1,1,0,0,0,172,0,0,0,172,California
Mariposa,2020-12-26,1,166,1,165,0,1,0,0,1,173,0,0,1,173,California
Mariposa,2020-12-27,1,167,0,165,1,2,0,0,1,174,0,0,1,174,California
Mariposa,2020-12-28,6,173,3,168,3,5,0,0,6,180,0,0,6,180,California
Mariposa,2020-12-29,33,206,3,171,30,35,0,0,33,213,0,0,33,213,California
Mariposa,2020-12-30,25,231,4,175,21,56,0,0,25,238,0,0,25,238,California
Mariposa,2020-12-31,16,247,0,175,16,72,0,0,16,254,0,0,16,254,California
Mariposa,2021-01-02,1,248,1,176,0,72,0,0,1,255,0,0,1,255,California
Mariposa,2021-01-04,8,256,1,177,7,79,0,0,8,263,0,0,8,263,California
Mariposa,2021-01-05,24,280,14,191,10,89,0,0,14,267,10,10,14,277,California
Mariposa,2021-01-06,6,286,3,194,3,92,0,0,3,267,3,13,3,280,California
Mariposa,2021-01-07,52,338,47,241,5,97,0,0,5,225,47,60,5,285,California
Mariposa,2021-01-08,108,446,79,320,29,126,0,0,33,183,75,135,33,318,California
Mariposa,2021-01-09,1,447,0,320,1,127,0,0,1,184,0,135,1,319,California
Mariposa,2021-01-11,31,478,10,330,21,148,0,0,23,199,8,143,23,342,California
Mariposa,2021-01-12,19,497,4,334,15,163,0,0,15,210,4,147,15,357,California
Mariposa,2021-01-13,21,518,4,338,17,180,0,0,18,225,3,150,18,375,California
Mariposa,2021-01-14,73,591,7,345,66,246,0,0,67,286,6,156,67,442,California
Mariposa,2021-01-15,66,657,26,371,40,286,0,0,56,332,10,166,56,498,California
Mariposa,2021-01-16,14,671,2,373,12,298,0,0,13,344,1,167,13,511,California
Mariposa,2021-01-17,2,673,0,373,2,300,0,0,2,346,0,167,2,513,California
Mariposa,2021-01-18,3,676,3,376,0,300,0,0,1,345,2,169,1,514,California
Mariposa,2021-01-19,8,684,4,380,4,304,0,0,5,348,2,171,5,519,California
Mariposa,2021-01-20,23,707,1,381,22,326,0,0,22,369,1,172,22,541,California
Mariposa,2021-01-21,64,771,7,388,57,383,0,0,60,425,4,176,60,601,California
Mariposa,2021-01-22,55,826,2,390,53,436,0,0,55,480,0,176,55,656,California
Mariposa,2021-01-23,116,942,2,392,114,550,0,0,115,594,1,177,115,771,California
Mariposa,2021-01-24,2,944,2,394,0,550,0,0,2,596,0,177,2,773,California
Mariposa,2021-01-25,4,948,1,395,3,553,0,0,0,592,4,181,0,773,California
Mariposa,2021-01-26,36,984,4,399,32,585,0,0,4,568,32,213,8,781,California
Mariposa,2021-01-27,22,1006,1,400,21,606,0,0,13,572,9,222,13,794,California
Mariposa,2021-01-28,126,1132,3,403,123,729,0,0,113,673,12,234,113,907,California
Mariposa,2021-01-29,84,1216,22,425,62,791,0,0,83,755,1,235,83,990,California
Mariposa,2021-01-30,9,1225,1,426,8,799,0,0,8,762,1,236,8,998,California
Mariposa,2021-01-31,1,1226,0,426,1,800,0,0,1,763,0,236,1,999,California
Mariposa,2021-02-01,87,1313,30,456,57,857,0,0,66,808,21,257,66,1065,California
Mariposa,2021-02-02,15,1328,3,459,12,869,0,0,9,811,6,263,9,1074,California
Mariposa,2021-02-03,20,1348,1,460,19,888,0,0,14,819,6,269,14,1088,California
Mariposa,2021-02-04,93,1441,8,468,85,973,0,0,88,904,4,273,89,1177,California
Mariposa,2021-02-05,188,1629,5,473,183,1156,0,0,162,1040,26,299,162,1339,California
Mariposa,2021-02-06,11,1640,4,477,7,1163,0,0,10,1049,1,300,10,1349,California
Mariposa,2021-02-08,40,1680,2,479,38,1201,0,0,21,1051,19,319,21,1370,California
Mariposa,2021-02-09,43,1723,25,504,18,1219,0,0,37,1082,6,325,37,1407,California
Mariposa,2021-02-10,28,1751,5,509,23,1242,0,0,17,1095,10,335,23,1430,California
Mariposa,2021-02-11,374,2125,5,514,369,1611,0,0,361,1445,13,348,363,1793,California
Mariposa,2021-02-12,183,2308,7,521,176,1787,0,0,140,1542,43,391,140,1933,California
Mariposa,2021-02-13,11,2319,3,524,8,1795,0,0,9,1549,2,393,9,1942,California
Mariposa,2021-02-14,8,2327,4,528,4,1799,0,0,5,1551,3,396,5,1947,California
Mariposa,2021-02-15,9,2336,3,531,6,1805,0,0,7,1556,2,398,7,1954,California
Mariposa,2021-02-16,57,2393,34,565,23,1828,0,0,34,1567,23,421,34,1988,California
Mariposa,2021-02-17,36,2429,8,573,28,1856,0,0,27,1587,8,429,28,2016,California
Mariposa,2021-02-18,56,2485,7,580,49,1905,0,0,20,1571,36,465,20,2036,California
Mariposa,2021-02-19,82,2567,3,583,79,1984,0,0,77,1643,5,470,77,2113,California
Mariposa,2021-02-20,251,2818,4,587,247,2231,0,0,222,1837,28,498,222,2335,California
Mariposa,2021-02-21,236,3054,2,589,234,2465,0,0,235,2071,1,499,235,2570,California
Mariposa,2021-02-22,24,3078,7,596,17,2482,0,0,21,2089,3,502,21,2591,California
Mariposa,2021-02-23,42,3120,36,632,6,2488,0,0,25,2097,17,519,25,2616,California
Mariposa,2021-02-24,19,3139,3,635,16,2504,0,0,7,2093,11,530,7,2623,California
Mariposa,2021-02-25,17,3156,8,643,9,2513,0,0,11,2098,6,536,11,2634,California
Mariposa,2021-02-26,420,3576,6,649,414,2927,0,0,359,2397,61,597,360,2994,California
Mariposa,2021-02-27,171,3747,5,654,166,3093,0,0,160,2546,11,608,160,3154,California
Mariposa,2021-02-28,2,3749,1,655,1,3094,0,0,0,2544,2,610,0,3154,California
Mariposa,2021-03-01,82,3831,26,681,56,3150,0,0,17,2497,64,674,17,3171,California
Mariposa,2021-03-02,21,3852,14,695,7,3157,0,0,11,2499,9,683,11,3182,California
Mariposa,2021-03-03,70,3922,5,700,65,3222,0,0,66,2562,4,687,67,3249,California
Mariposa,2021-03-04,34,3956,8,708,26,3248,0,0,20,2568,14,701,20,3269,California
Mariposa,2021-03-05,51,4007,8,716,43,3291,0,0,37,2596,14,715,42,3311,California
Mariposa,2021-03-06,15,4022,6,722,9,3300,0,0,7,2595,8,723,7,3318,California
Mariposa,2021-03-07,1,4023,1,723,0,3300,0,0,0,2594,1,724,0,3318,California
Mariposa,2021-03-08,38,4061,4,727,23,3323,11,11,9,2585,29,753,20,3338,California
Mariposa,2021-03-09,45,4106,18,745,17,3340,10,21,14,2578,31,784,24,3362,California
Mariposa,2021-03-10,29,4135,9,754,10,3350,10,31,9,2577,20,804,19,3381,California
Mariposa,2021-03-11,464,4599,6,760,440,3790,18,49,224,2583,239,1043,245,3626,California
Mariposa,2021-03-12,252,4851,6,766,219,4009,27,76,113,2583,139,1182,139,3765,California
Mariposa,2021-03-13,32,4883,6,772,11,4020,15,91,11,2587,21,1203,25,3790,California
Mariposa,2021-03-14,17,4900,2,774,4,4024,11,102,3,2587,14,1217,14,3804,California
Mariposa,2021-03-15,76,4976,7,781,31,4055,38,140,31,2611,45,1262,69,3873,California
Mariposa,2021-03-16,82,5058,32,813,15,4070,35,175,24,2612,58,1320,59,3932,California
Mariposa,2021-03-17,71,5129,10,823,53,4123,8,183,51,2652,19,1339,59,3991,California
Mariposa,2021-03-18,66,5195,15,838,41,4164,10,193,41,2678,25,1364,51,4042,California
Mariposa,2021-03-19,336,5531,8,846,323,4487,5,198,302,2951,34,1398,307,4349,California
Mariposa,2021-03-20,426,5957,4,850,420,4907,2,200,47,2622,379,1777,50,4399,California
Mariposa,2021-03-21,14,5971,8,858,5,4912,1,201,9,2628,4,1781,10,4409,California
Mariposa,2021-03-22,36,6007,7,865,21,4933,8,209,25,2651,11,1792,34,4443,California
Mariposa,2021-03-23,52,6059,32,897,10,4943,10,219,31,2671,21,1813,41,4484,California
Mariposa,2021-03-24,55,6114,5,902,48,4991,2,221,50,2718,5,1818,52,4536,California
Mariposa,2021-03-25,73,6187,15,917,50,5041,8,229,53,2759,20,1838,61,4597,California
Mariposa,2021-03-26,485,6672,8,925,476,5517,1,230,250,2775,235,2073,251,4848,California
Mariposa,2021-03-27,225,6897,8,933,217,5734,0,230,90,2732,135,2208,92,4940,California
Mariposa,2021-03-28,5,6902,0,933,2,5736,3,233,1,2732,4,2212,4,4944,California
Mariposa,2021-03-29,18,6920,5,938,13,5749,0,233,11,2736,7,2219,11,4955,California
Mariposa,2021-03-30,36,6956,13,951,7,5756,16,249,13,2742,23,2242,29,4984,California
Mariposa,2021-03-31,91,7047,16,967,68,5824,7,256,71,2800,20,2262,78,5062,California
Mariposa,2021-04-01,51,7098,9,976,34,5858,8,264,31,2819,20,2282,39,5101,California
Mariposa,2021-04-02,348,7446,10,986,336,6194,2,266,310,3094,37,2319,312,5413,California
Mariposa,2021-04-03,10,7456,7,993,3,6197,0,266,5,3094,5,2324,5,5418,California
Mariposa,2021-04-04,2,7458,1,994,0,6197,1,267,0,3093,2,2326,1,5419,California
Mariposa,2021-04-05,31,7489,23,1017,5,6202,3,270,15,3095,16,2342,18,5437,California
Mariposa,2021-04-06,42,7531,19,1036,7,6209,16,286,12,3094,29,2371,28,5465,California
Mariposa,2021-04-07,97,7628,6,1042,72,6281,19,305,28,3072,69,2440,47,5512,California
Mariposa,2021-04-08,274,7902,13,1055,242,6523,19,324,140,3100,132,2572,160,5672,California
Mariposa,2021-04-09,34,7936,9,1064,13,6536,12,336,10,3098,24,2596,22,5694,California
Mariposa,2021-04-10,200,8136,1,1065,189,6725,10,346,186,3280,13,2609,195,5889,California
Mariposa,2021-04-11,115,8251,4,1069,109,6834,2,348,48,3264,67,2676,51,5940,California
Mariposa,2021-04-12,36,8287,10,1079,24,6858,2,350,8,3246,28,2704,10,5950,California
Mariposa,2021-04-13,53,8340,45,1124,8,6866,0,350,34,3261,19,2723,34,5984,California
Mariposa,2021-04-14,112,8452,7,1131,105,6971,0,350,59,3268,52,2775,59,6043,California
Mariposa,2021-04-15,55,8507,17,1148,38,7009,0,350,40,3296,12,2787,40,6083,California
Mariposa,2021-04-16,371,8878,10,1158,361,7370,0,350,97,3119,274,3061,97,6180,California
Mariposa,2021-04-17,11,8889,6,1164,5,7375,0,350,8,3124,3,3064,8,6188,California
Mariposa,2021-04-18,6,8895,0,1164,6,7381,0,350,3,3124,3,3067,3,6191,California
Mariposa,2021-04-19,53,8948,23,1187,30,7411,0,350,28,3128,24,3091,28,6219,California
Mariposa,2021-04-20,63,9011,50,1237,13,7424,0,350,40,3148,20,3111,40,6259,California
Mariposa,2021-04-21,21,9032,12,1249,9,7433,0,350,10,3148,10,3121,10,6269,California
Mariposa,2021-04-22,44,9076,8,1257,36,7469,0,350,36,3177,7,3128,36,6305,California
Mariposa,2021-04-23,314,9390,68,1325,246,7715,0,350,145,3154,169,3297,146,6451,California
Mariposa,2021-04-24,105,9495,9,1334,96,7811,0,350,43,3136,61,3358,43,6494,California
Mariposa,2021-04-26,12,9507,9,1343,3,7814,0,350,2,3128,10,3368,2,6496,California
Mariposa,2021-04-27,29,9536,15,1358,13,7827,1,351,14,3132,11,3379,15,6511,California
Mariposa,2021-04-28,16,9552,11,1369,3,7830,2,353,10,3138,6,3385,12,6523,California
Mariposa,2021-04-29,24,9576,10,1379,13,7843,1,354,20,3155,4,3389,21,6544,California
Mariposa,2021-04-30,50,9626,3,1382,42,7885,5,359,38,3186,12,3401,43,6587,California
Mendocino,2020-12-17,70,70,70,70,0,0,0,0,70,70,0,0,70,70,California
Mendocino,2020-12-18,85,155,84,154,1,1,0,0,84,154,0,0,84,154,California
Mendocino,2020-12-19,4,159,4,158,0,1,0,0,4,158,0,0,4,158,California
Mendocino,2020-12-20,7,166,7,165,0,1,0,0,7,165,0,0,7,165,California
Mendocino,2020-12-21,241,407,241,406,0,1,0,0,77,242,0,0,77,242,California
Mendocino,2020-12-22,250,657,189,595,61,62,0,0,250,492,0,0,250,492,California
Mendocino,2020-12-23,270,927,47,642,223,285,0,0,269,761,0,0,269,761,California
Mendocino,2020-12-24,49,976,8,650,41,326,0,0,49,810,0,0,49,810,California
Mendocino,2020-12-25,1,977,0,650,1,327,0,0,1,811,0,0,1,811,California
Mendocino,2020-12-26,2,979,2,652,0,327,0,0,2,813,0,0,2,813,California
Mendocino,2020-12-27,1,980,0,652,1,328,0,0,1,814,0,0,1,814,California
Mendocino,2020-12-28,74,1054,9,661,65,393,0,0,74,888,0,0,74,888,California
Mendocino,2020-12-29,122,1176,61,722,61,454,0,0,122,1010,0,0,122,1010,California
Mendocino,2020-12-30,123,1299,68,790,55,509,0,0,123,1133,0,0,123,1133,California
Mendocino,2020-12-31,130,1429,95,885,35,544,0,0,130,1263,0,0,130,1263,California
Mendocino,2021-01-01,7,1436,5,890,2,546,0,0,7,1270,0,0,7,1270,California
Mendocino,2021-01-02,1,1437,1,891,0,546,0,0,1,1271,0,0,1,1271,California
Mendocino,2021-01-04,840,2277,19,910,821,1367,0,0,840,2111,0,0,840,2111,California
Mendocino,2021-01-05,71,2348,35,945,36,1403,0,0,58,2156,13,13,58,2169,California
Mendocino,2021-01-06,155,2503,133,1078,22,1425,0,0,145,2291,10,23,145,2314,California
Mendocino,2021-01-07,357,2860,238,1316,119,1544,0,0,294,2522,63,86,294,2608,California
Mendocino,2021-01-08,95,2955,82,1398,13,1557,0,0,41,2510,54,140,42,2650,California
Mendocino,2021-01-09,10,2965,6,1404,4,1561,0,0,8,2516,2,142,8,2658,California
Mendocino,2021-01-10,8,2973,8,1412,0,1561,0,0,1,2510,7,149,1,2659,California
Mendocino,2021-01-11,101,3074,92,1504,9,1570,0,0,43,2496,57,206,43,2702,California
Mendocino,2021-01-12,385,3459,375,1879,10,1580,0,0,269,2649,116,322,269,2971,California
Mendocino,2021-01-13,483,3942,145,2024,338,1918,0,0,442,3053,39,361,443,3414,California
Mendocino,2021-01-14,636,4578,20,2044,616,2534,0,0,627,3671,9,370,627,4041,California
Mendocino,2021-01-15,1857,6435,859,2903,998,3532,0,0,1852,5519,5,375,1853,5894,California
Mendocino,2021-01-16,791,7226,50,2953,741,4273,0,0,789,6306,2,377,789,6683,California
Mendocino,2021-01-17,553,7779,1,2954,552,4825,0,0,552,6857,1,378,552,7235,California
Mendocino,2021-01-18,488,8267,463,3417,25,4850,0,0,476,7321,12,390,476,7711,California
Mendocino,2021-01-19,334,8601,148,3565,186,5036,0,0,158,7303,176,566,158,7869,California
Mendocino,2021-01-20,553,9154,406,3971,147,5183,0,0,447,7647,104,670,448,8317,California
Mendocino,2021-01-21,536,9690,223,4194,313,5496,0,0,352,7816,183,853,352,8669,California
Mendocino,2021-01-22,149,9839,58,4252,91,5587,0,0,110,7887,39,892,110,8779,California
Mendocino,2021-01-23,155,9994,83,4335,72,5659,0,0,149,8030,6,898,149,8928,California
Mendocino,2021-01-24,5,9999,3,4338,2,5661,0,0,5,8035,0,898,5,8933,California
Mendocino,2021-01-25,191,10190,18,4356,173,5834,0,0,121,8086,70,968,121,9054,California
Mendocino,2021-01-26,156,10346,56,4412,100,5934,0,0,95,8120,61,1029,95,9149,California
Mendocino,2021-01-27,439,10785,369,4781,70,6004,0,0,174,8036,258,1287,174,9323,California
Mendocino,2021-01-28,589,11374,525,5306,64,6068,0,0,494,8436,94,1381,494,9817,California
Mendocino,2021-01-29,392,11766,351,5657,41,6109,0,0,363,8771,29,1410,364,10181,California
Mendocino,2021-01-30,48,11814,30,5687,18,6127,0,0,41,8805,7,1417,41,10222,California
Mendocino,2021-01-31,273,12087,2,5689,271,6398,0,0,3,8538,270,1687,3,10225,California
Mendocino,2021-02-01,380,12467,52,5741,328,6726,0,0,58,8274,322,2009,58,10283,California
Mendocino,2021-02-02,721,13188,502,6243,219,6945,0,0,363,8279,358,2367,363,10646,California
Mendocino,2021-02-03,391,13579,206,6449,185,7130,0,0,221,8332,168,2535,221,10867,California
Mendocino,2021-02-04,624,14203,529,6978,95,7225,0,0,500,8708,124,2659,500,11367,California
Mendocino,2021-02-05,1298,15501,1211,8189,87,7312,0,0,584,8580,712,3371,584,11951,California
Mendocino,2021-02-06,559,16060,158,8347,401,7713,0,0,544,9109,15,3386,544,12495,California
Mendocino,2021-02-07,32,16092,28,8375,4,7717,0,0,32,9141,0,3386,32,12527,California
Mendocino,2021-02-08,746,16838,715,9090,31,7748,0,0,284,8963,462,3848,284,12811,California
Mendocino,2021-02-09,141,16979,58,9148,83,7831,0,0,89,9000,52,3900,89,12900,California
Mendocino,2021-02-10,1481,18460,921,10069,560,8391,0,0,741,9007,734,4634,741,13641,California
Mendocino,2021-02-11,1133,19593,208,10277,925,9316,0,0,281,8436,852,5486,281,13922,California
Mendocino,2021-02-12,1404,20997,161,10438,1243,10559,0,0,639,8311,764,6250,639,14561,California
Mendocino,2021-02-13,496,21493,12,10450,484,11043,0,0,103,8027,392,6642,108,14669,California
Mendocino,2021-02-14,694,22187,3,10453,691,11734,0,0,134,7601,560,7202,134,14803,California
Mendocino,2021-02-15,329,22516,42,10495,287,12021,0,0,174,7620,155,7357,174,14977,California
Mendocino,2021-02-16,200,22716,51,10546,149,12170,0,0,130,7680,70,7427,130,15107,California
Mendocino,2021-02-17,1350,24066,1188,11734,162,12332,0,0,877,8086,471,7898,877,15984,California
Mendocino,2021-02-18,1781,25847,640,12374,1141,13473,0,0,1215,8736,565,8463,1215,17199,California
Mendocino,2021-02-19,749,26596,146,12520,603,14076,0,0,610,9207,139,8602,610,17809,California
Mendocino,2021-02-20,570,27166,544,13064,26,14102,0,0,540,9719,28,8630,540,18349,California
Mendocino,2021-02-21,325,27491,6,13070,319,14421,0,0,313,10021,11,8641,313,18662,California
Mendocino,2021-02-22,161,27652,30,13100,131,14552,0,0,69,9999,91,8732,69,18731,California
Mendocino,2021-02-23,674,28326,661,13761,13,14565,0,0,612,10550,61,8793,612,19343,California
Mendocino,2021-02-24,1839,30165,1759,15520,80,14645,0,0,1430,11577,405,9198,1432,20775,California
Mendocino,2021-02-25,1703,31868,532,16052,1171,15816,0,0,1284,12443,418,9616,1284,22059,California
Mendocino,2021-02-26,1403,33271,748,16800,655,16471,0,0,1040,13122,361,9977,1040,23099,California
Mendocino,2021-02-27,199,33470,151,16951,48,16519,0,0,76,13076,122,10099,76,23175,California
Mendocino,2021-02-28,35,33505,13,16964,22,16541,0,0,24,13089,11,10110,24,23199,California
Mendocino,2021-03-01,575,34080,532,17496,43,16584,0,0,538,13590,37,10147,538,23737,California
Mendocino,2021-03-02,71,34151,24,17520,47,16631,0,0,42,13604,28,10175,42,23779,California
Mendocino,2021-03-03,1709,35860,1329,18849,380,17011,0,0,1077,14051,630,10805,1077,24856,California
Mendocino,2021-03-04,1768,37628,147,18996,1621,18632,0,0,1551,15388,215,11020,1552,26408,California
Mendocino,2021-03-05,209,37837,148,19144,52,18684,9,9,117,15424,90,11110,126,26534,California
Mendocino,2021-03-06,242,38079,20,19164,197,18881,25,34,201,15610,40,11150,226,26760,California
Mendocino,2021-03-07,505,38584,8,19172,477,19358,20,54,118,15361,386,11536,137,26897,California
Mendocino,2021-03-08,124,38708,29,19201,59,19417,36,90,64,15403,58,11594,100,26997,California
Mendocino,2021-03-09,570,39278,230,19431,299,19716,41,131,472,15818,98,11692,513,27510,California
Mendocino,2021-03-10,1109,40387,980,20411,64,19780,65,196,268,15316,838,12530,336,27846,California
Mendocino,2021-03-11,821,41208,611,21022,157,19937,53,249,394,15338,425,12955,447,28293,California
Mendocino,2021-03-12,2016,43224,1030,22052,892,20829,94,343,1211,15845,798,13753,1305,29598,California
Mendocino,2021-03-13,654,43878,524,22576,73,20902,57,400,97,15446,553,14306,154,29752,California
Mendocino,2021-03-14,104,43982,2,22578,95,20997,7,407,11,15375,89,14395,18,29770,California
Mendocino,2021-03-15,597,44579,51,22629,488,21485,58,465,209,15254,387,14782,266,30036,California
Mendocino,2021-03-16,570,45149,374,23003,151,21636,45,510,139,15009,429,15211,184,30220,California
Mendocino,2021-03-17,1563,46712,1359,24362,56,21692,148,658,214,14032,1346,16557,369,30589,California
Mendocino,2021-03-18,1307,48019,248,24610,1021,22713,38,696,284,13338,1015,17572,321,30910,California
Mendocino,2021-03-19,1754,49773,855,25465,838,23551,61,757,331,12313,1419,18991,394,31304,California
Mendocino,2021-03-20,68,49841,10,25475,37,23588,21,778,12,12290,56,19047,33,31337,California
Mendocino,2021-03-21,8,49849,1,25476,2,23590,5,783,3,12293,5,19052,8,31345,California
Mendocino,2021-03-22,624,50473,580,26056,15,23605,29,812,146,11993,474,19526,174,31519,California
Mendocino,2021-03-23,165,50638,33,26089,102,23707,30,842,115,12088,50,19576,145,31664,California
Mendocino,2021-03-24,911,51549,840,26929,24,23731,47,889,114,11454,795,20371,161,31825,California
Mendocino,2021-03-25,1985,53534,50,26979,1916,25647,19,908,174,9838,1808,22179,192,32017,California
Mendocino,2021-03-26,506,54040,357,27336,124,25771,25,933,324,10005,182,22361,349,32366,California
Mendocino,2021-03-27,142,54182,12,27348,118,25889,12,945,82,10039,59,22420,93,32459,California
Mendocino,2021-03-28,25,54207,4,27352,17,25906,4,949,3,10024,22,22442,7,32466,California
Mendocino,2021-03-29,186,54393,97,27449,47,25953,42,991,95,10070,91,22533,137,32603,California
Mendocino,2021-03-30,682,55075,597,28046,48,26001,37,1028,412,10250,269,22802,449,33052,California
Mendocino,2021-03-31,866,55941,271,28317,535,26536,60,1088,408,10262,456,23258,468,33520,California
Mendocino,2021-04-01,1707,57648,399,28716,1230,27766,78,1166,382,9404,1317,24575,459,33979,California
Mendocino,2021-04-02,1283,58931,1055,29771,155,27921,73,1239,223,8643,1057,25632,296,34275,California
Mendocino,2021-04-03,704,59635,9,29780,674,28595,21,1260,84,8132,616,26248,105,34380,California
Mendocino,2021-04-04,69,59704,34,29814,29,28624,6,1266,54,8177,15,26263,60,34440,California
Mendocino,2021-04-05,210,59914,142,29956,44,28668,24,1290,130,8249,80,26343,152,34592,California
Mendocino,2021-04-06,383,60297,121,30077,179,28847,83,1373,106,8161,277,26620,189,34781,California
Mendocino,2021-04-07,480,60777,172,30249,63,28910,245,1618,116,8159,362,26982,360,35141,California
Mendocino,2021-04-08,1490,62267,913,31162,461,29371,116,1734,1000,8791,484,27466,1116,36257,California
Mendocino,2021-04-09,756,63023,425,31587,170,29541,161,1895,395,8987,360,27826,556,36813,California
Mendocino,2021-04-10,400,63423,89,31676,265,29806,46,1941,98,8829,302,28128,144,36957,California
Mendocino,2021-04-11,122,63545,47,31723,18,29824,57,1998,58,8880,64,28192,115,37072,California
Mendocino,2021-04-12,617,64162,510,32233,46,29870,61,2059,411,9146,206,28398,472,37544,California
Mendocino,2021-04-13,287,64449,224,32457,62,29932,1,2060,220,9300,67,28465,221,37765,California
Mendocino,2021-04-14,512,64961,422,32879,89,30021,1,2061,410,9609,102,28567,411,38176,California
Mendocino,2021-04-15,654,65615,325,33204,328,30349,1,2062,394,9748,256,28823,395,38571,California
Mendocino,2021-04-16,122,65737,48,33252,72,30421,2,2064,73,9775,48,28871,75,38646,California
Mendocino,2021-04-17,197,65934,11,33263,186,30607,0,2064,69,9717,127,28998,69,38715,California
Mendocino,2021-04-18,8,65942,2,33265,5,30612,1,2065,4,9718,4,29002,5,38720,California
Mendocino,2021-04-19,532,66474,506,33771,24,30636,2,2067,433,10055,98,29100,435,39155,California
Mendocino,2021-04-20,406,66880,278,34049,127,30763,1,2068,261,10172,145,29245,262,39417,California
Mendocino,2021-04-21,181,67061,123,34172,57,30820,1,2069,113,10218,67,29312,113,39530,California
Mendocino,2021-04-22,476,67537,300,34472,175,30995,1,2070,321,10386,153,29465,321,39851,California
Mendocino,2021-04-23,818,68355,676,35148,142,31137,0,2070,666,10902,150,29615,666,40517,California
Mendocino,2021-04-24,101,68456,14,35162,87,31224,0,2070,94,10989,7,29622,94,40611,California
Mendocino,2021-04-25,52,68508,28,35190,20,31244,4,2074,18,10977,34,29656,22,40633,California
Mendocino,2021-04-26,262,68770,205,35395,52,31296,5,2079,180,11081,81,29737,185,40818,California
Mendocino,2021-04-27,174,68944,67,35462,83,31379,24,2103,90,11111,83,29820,113,40931,California
Mendocino,2021-04-28,184,69128,134,35596,39,31418,11,2114,104,11146,80,29900,115,41046,California
Mendocino,2021-04-29,950,70078,706,36302,232,31650,12,2126,88,10385,861,30761,100,41146,California
Mendocino,2021-04-30,492,70570,305,36607,177,31827,10,2136,187,10277,305,31066,197,41343,California
Mendocino,2021-05-01,359,70929,352,36959,3,31830,4,2140,350,10622,9,31075,354,41697,California
Mendocino,2021-05-02,7,70936,2,36961,2,31832,3,2143,3,10625,3,31078,6,41703,California
Merced,2020-12-16,3,3,3,3,0,0,0,0,3,3,0,0,3,3,California
Merced,2020-12-17,5,8,5,8,0,0,0,0,5,8,0,0,5,8,California
Merced,2020-12-18,143,151,143,151,0,0,0,0,143,151,0,0,143,151,California
Merced,2020-12-19,39,190,39,190,0,0,0,0,39,190,0,0,39,190,California
Merced,2020-12-20,17,207,17,207,0,0,0,0,17,207,0,0,17,207,California
Merced,2020-12-21,125,332,122,329,3,3,0,0,125,332,0,0,125,332,California
Merced,2020-12-22,152,484,152,481,0,3,0,0,152,484,0,0,152,484,California
Merced,2020-12-23,248,732,242,723,6,9,0,0,248,732,0,0,248,732,California
Merced,2020-12-24,72,804,72,795,0,9,0,0,72,804,0,0,72,804,California
Merced,2020-12-25,4,808,4,799,0,9,0,0,4,808,0,0,4,808,California
Merced,2020-12-26,6,814,3,802,3,12,0,0,6,814,0,0,6,814,California
Merced,2020-12-27,12,826,11,813,1,13,0,0,12,826,0,0,12,826,California
Merced,2020-12-28,122,948,98,911,24,37,0,0,122,948,0,0,122,948,California
Merced,2020-12-29,180,1128,124,1035,56,93,0,0,180,1128,0,0,180,1128,California
Merced,2020-12-30,214,1342,89,1124,125,218,0,0,214,1342,0,0,214,1342,California
Merced,2020-12-31,103,1445,34,1158,69,287,0,0,103,1445,0,0,103,1445,California
Merced,2021-01-01,2,1447,0,1158,2,289,0,0,2,1447,0,0,2,1447,California
Merced,2021-01-02,128,1575,117,1275,11,300,0,0,128,1575,0,0,128,1575,California
Merced,2021-01-03,9,1584,5,1280,4,304,0,0,9,1584,0,0,9,1584,California
Merced,2021-01-04,78,1662,40,1320,38,342,0,0,78,1662,0,0,78,1662,California
Merced,2021-01-05,320,1982,231,1551,89,431,0,0,314,1972,6,6,316,1978,California
Merced,2021-01-06,249,2231,98,1649,151,582,0,0,243,2209,6,12,243,2221,California
Merced,2021-01-07,183,2414,80,1729,103,685,0,0,173,2371,11,23,173,2394,California
Merced,2021-01-08,527,2941,393,2122,134,819,0,0,376,2597,150,173,376,2770,California
Merced,2021-01-09,23,2964,10,2132,13,832,0,0,17,2608,6,179,17,2787,California
Merced,2021-01-10,10,2974,6,2138,4,836,0,0,6,2610,4,183,6,2793,California
Merced,2021-01-11,225,3199,167,2305,58,894,0,0,101,2589,124,307,103,2896,California
Merced,2021-01-12,280,3479,157,2462,123,1017,0,0,230,2768,51,358,230,3126,California
Merced,2021-01-13,372,3851,173,2635,199,1216,0,0,221,2841,151,509,224,3350,California
Merced,2021-01-14,325,4176,201,2836,124,1340,0,0,160,2838,164,673,161,3511,California
Merced,2021-01-15,568,4744,125,2961,443,1783,0,0,530,3331,39,712,532,4043,California
Merced,2021-01-16,201,4945,122,3083,79,1862,0,0,196,3522,5,717,196,4239,California
Merced,2021-01-17,49,4994,12,3095,37,1899,0,0,48,3569,1,718,48,4287,California
Merced,2021-01-18,259,5253,126,3221,133,2032,0,0,237,3787,22,740,240,4527,California
Merced,2021-01-19,703,5956,580,3801,123,2155,0,0,532,4152,171,911,536,5063,California
Merced,2021-01-20,571,6527,466,4267,105,2260,0,0,515,4614,56,967,518,5581,California
Merced,2021-01-21,1004,7531,644,4911,360,2620,0,0,905,5423,99,1066,908,6489,California
Merced,2021-01-22,1301,8832,683,5594,618,3238,0,0,1275,6684,26,1092,1287,7776,California
Merced,2021-01-23,307,9139,185,5779,122,3360,0,0,202,6781,105,1197,202,7978,California
Merced,2021-01-24,32,9171,14,5793,18,3378,0,0,23,6796,8,1205,23,8001,California
Merced,2021-01-25,727,9898,241,6034,486,3864,0,0,668,7406,58,1263,668,8669,California
Merced,2021-01-26,911,10809,483,6517,428,4292,0,0,671,7865,213,1476,672,9341,California
Merced,2021-01-27,975,11784,581,7098,394,4686,0,0,813,8518,160,1636,813,10154,California
Merced,2021-01-28,1136,12920,591,7689,545,5231,0,0,1015,9413,121,1757,1016,11170,California
Merced,2021-01-29,845,13765,321,8010,524,5755,0,0,601,9779,237,1994,603,11773,California
Merced,2021-01-30,259,14024,27,8037,232,5987,0,0,243,10006,16,2010,243,12016,California
Merced,2021-01-31,44,14068,9,8046,35,6022,0,0,43,10048,1,2011,43,12059,California
Merced,2021-02-01,373,14441,52,8098,321,6343,0,0,325,10327,47,2058,326,12385,California
Merced,2021-02-02,293,14734,181,8279,112,6455,0,0,174,10385,117,2175,175,12560,California
Merced,2021-02-03,347,15081,70,8349,277,6732,0,0,166,10370,181,2356,166,12726,California
Merced,2021-02-04,370,15451,146,8495,224,6956,0,0,240,10482,129,2485,241,12967,California
Merced,2021-02-05,512,15963,173,8668,339,7295,0,0,272,10517,239,2724,274,13241,California
Merced,2021-02-06,387,16350,218,8886,169,7464,0,0,244,10620,142,2866,245,13486,California
Merced,2021-02-07,21,16371,13,8899,8,7472,0,0,14,10627,7,2873,14,13500,California
Merced,2021-02-08,278,16649,196,9095,82,7554,0,0,169,10689,108,2981,170,13670,California
Merced,2021-02-09,1212,17861,952,10047,260,7814,0,0,776,11038,428,3409,777,14447,California
Merced,2021-02-10,1851,19712,1431,11478,420,8234,0,0,1272,11740,570,3979,1272,15719,California
Merced,2021-02-11,2500,22212,2004,13482,496,8730,0,0,1815,12878,677,4656,1815,17534,California
Merced,2021-02-12,1713,23925,1012,14494,701,9431,0,0,752,12679,952,5608,753,18287,California
Merced,2021-02-13,360,24285,205,14699,155,9586,0,0,265,12852,94,5702,267,18554,California
Merced,2021-02-14,116,24401,26,14725,90,9676,0,0,95,12927,21,5723,96,18650,California
Merced,2021-02-15,273,24674,40,14765,233,9909,0,0,170,13000,98,5821,171,18821,California
Merced,2021-02-16,1210,25884,841,15606,369,10278,0,0,838,13486,354,6175,840,19661,California
Merced,2021-02-17,1875,27759,1630,17236,245,10523,0,0,1315,14256,547,6722,1317,20978,California
Merced,2021-02-18,1199,28958,810,18046,389,10912,0,0,398,13873,781,7503,398,21376,California
Merced,2021-02-19,1259,30217,410,18456,849,11761,0,0,534,13690,719,8222,536,21912,California
Merced,2021-02-20,276,30493,31,18487,245,12006,0,0,142,13700,132,8354,142,22054,California
Merced,2021-02-21,73,30566,59,18546,14,12020,0,0,30,13687,43,8397,30,22084,California
Merced,2021-02-22,825,31391,292,18838,533,12553,0,0,480,13823,344,8741,480,22564,California
Merced,2021-02-23,1078,32469,420,19258,658,13211,0,0,637,14023,437,9178,637,23201,California
Merced,2021-02-24,813,33282,301,19559,512,13723,0,0,443,14106,361,9539,444,23645,California
Merced,2021-02-25,1750,35032,861,20420,889,14612,0,0,1300,14961,447,9986,1302,24947,California
Merced,2021-02-26,2130,37162,1361,21781,769,15381,0,0,1723,16280,405,10391,1724,26671,California
Merced,2021-02-27,2519,39681,1100,22881,1418,16799,1,1,2234,18230,284,10675,2234,28905,California
Merced,2021-02-28,298,39979,71,22952,227,17026,0,1,250,18436,44,10719,250,29155,California
Merced,2021-03-01,1109,41088,278,23230,831,17857,0,1,772,18879,329,11048,772,29927,California
Merced,2021-03-02,1744,42832,902,24132,841,18698,1,2,1359,19861,378,11426,1360,31287,California
Merced,2021-03-03,2204,45036,1720,25852,483,19181,1,3,1451,20576,737,12163,1452,32739,California
Merced,2021-03-04,2876,47912,2264,28116,610,19791,2,5,1909,21538,950,13113,1912,34651,California
Merced,2021-03-05,2059,49971,1190,29306,846,20637,23,28,1524,22563,523,13636,1548,36199,California
Merced,2021-03-06,1154,51125,652,29958,480,21117,22,50,899,23230,254,13890,921,37120,California
Merced,2021-03-07,225,51350,62,30020,138,21255,25,75,196,23422,29,13919,221,37341,California
Merced,2021-03-08,1245,52595,649,30669,531,21786,65,140,1034,24310,210,14129,1098,38439,California
Merced,2021-03-09,1688,54283,995,31664,586,22372,107,247,1096,24926,588,14717,1204,39643,California
Merced,2021-03-10,2683,56966,1860,33524,624,22996,199,446,1615,25689,1056,15773,1819,41462,California
Merced,2021-03-11,1921,58887,677,34201,1038,24034,206,652,1219,26446,690,16463,1447,42909,California
Merced,2021-03-12,2187,61074,895,35096,1025,25059,267,919,1476,27494,707,17170,1755,44664,California
Merced,2021-03-13,720,61794,309,35405,168,25227,243,1162,412,27850,300,17470,656,45320,California
Merced,2021-03-14,247,62041,135,35540,82,25309,30,1192,149,27933,97,17567,180,45500,California
Merced,2021-03-15,1498,63539,491,36031,752,26061,255,1447,982,28660,509,18076,1236,46736,California
Merced,2021-03-16,1427,64966,684,36715,518,26579,225,1672,948,29360,470,18546,1170,47906,California
Merced,2021-03-17,1940,66906,1039,37754,723,27302,178,1850,1496,30598,438,18984,1676,49582,California
Merced,2021-03-18,2023,68929,1159,38913,717,28019,147,1997,1382,31508,633,19617,1543,51125,California
Merced,2021-03-19,2655,71584,1446,40359,1017,29036,192,2189,1381,31818,1263,20880,1573,52698,California
Merced,2021-03-20,2410,73994,1482,41841,534,29570,394,2583,960,31728,1448,22328,1358,54056,California
Merced,2021-03-21,556,74550,343,42184,200,29770,13,2596,437,32061,119,22447,452,54508,California
Merced,2021-03-22,1259,75809,628,42812,555,30325,76,2672,887,32661,365,22812,965,55473,California
Merced,2021-03-23,1816,77625,1094,43906,658,30983,64,2736,1342,33598,470,23282,1407,56880,California
Merced,2021-03-24,1357,78982,830,44736,492,31475,35,2771,927,34137,423,23705,962,57842,California
Merced,2021-03-25,3295,82277,2267,47003,1007,32482,21,2792,2076,35026,1211,24916,2100,59942,California
Merced,2021-03-26,1916,84193,1074,48077,808,33290,34,2826,886,34923,1022,25938,919,60861,California
Merced,2021-03-27,3012,87205,1746,49823,1196,34486,70,2896,1368,34729,1633,27571,1439,62300,California
Merced,2021-03-28,509,87714,210,50033,292,34778,7,2903,210,34650,297,27868,218,62518,California
Merced,2021-03-29,1610,89324,580,50613,866,35644,164,3067,659,34532,945,28813,827,63345,California
Merced,2021-03-30,2121,91445,787,51400,1275,36919,59,3126,978,34430,1139,29952,1037,64382,California
Merced,2021-03-31,2103,93548,1390,52790,679,37598,34,3160,939,34255,1149,31101,974,65356,California
Merced,2021-04-01,2117,95665,970,53760,1029,38627,118,3278,949,34163,1161,32262,1069,66425,California
Merced,2021-04-02,2266,97931,613,54373,1251,39878,402,3680,724,33768,1525,33787,1130,67555,California
Merced,2021-04-03,728,98659,341,54714,376,40254,11,3691,331,33719,393,34180,344,67899,California
Merced,2021-04-04,365,99024,141,54855,220,40474,4,3695,138,33638,226,34406,145,68044,California
Merced,2021-04-05,1245,100269,590,55445,444,40918,211,3906,407,33420,835,35241,617,68661,California
Merced,2021-04-06,2335,102604,828,56273,683,41601,824,4730,823,33558,1508,36749,1646,70307,California
Merced,2021-04-07,1633,104237,878,57151,648,42249,107,4837,589,33223,1033,37782,698,71005,California
Merced,2021-04-08,2201,106438,1100,58251,885,43134,216,5053,750,32765,1422,39204,964,71969,California
Merced,2021-04-09,1672,108110,473,58724,623,43757,576,5629,561,32810,1094,40298,1139,73108,California
Merced,2021-04-10,685,108795,359,59083,141,43898,185,5814,170,32654,510,40808,354,73462,California
Merced,2021-04-11,485,109280,279,59362,72,43970,134,5948,145,32596,338,41146,280,73742,California
Merced,2021-04-12,1411,110691,923,60285,365,44335,123,6071,811,32965,565,41711,934,74676,California
Merced,2021-04-13,2012,112703,1440,61725,569,44904,3,6074,934,32910,996,42707,941,75617,California
Merced,2021-04-14,2027,114730,1201,62926,826,45730,0,6074,899,32809,1002,43709,901,76518,California
Merced,2021-04-15,2999,117729,1966,64892,1033,46763,0,6074,950,31938,1825,45534,954,77472,California
Merced,2021-04-16,2352,120081,1147,66039,1205,47968,0,6074,962,31606,1294,46828,962,78434,California
Merced,2021-04-17,1433,121514,788,66827,645,48613,0,6074,371,30920,1058,47886,372,78806,California
Merced,2021-04-18,466,121980,248,67075,218,48831,0,6074,191,30863,248,48134,191,78997,California
Merced,2021-04-19,1314,123294,738,67813,576,49407,0,6074,702,31046,519,48653,702,79699,California
Merced,2021-04-20,1406,124700,730,68543,676,50083,0,6074,783,31275,555,49208,784,80483,California
Merced,2021-04-21,1454,126154,875,69418,579,50662,0,6074,751,31434,593,49801,752,81235,California
Merced,2021-04-22,1596,127750,735,70153,861,51523,0,6074,778,31474,738,50539,778,82013,California
Merced,2021-04-23,1556,129306,600,70753,956,52479,0,6074,819,31603,691,51230,820,82833,California
Merced,2021-04-24,563,129869,394,71147,169,52648,0,6074,388,31821,171,51401,389,83222,California
Merced,2021-04-25,324,130193,185,71332,139,52787,0,6074,192,31882,131,51532,192,83414,California
Merced,2021-04-26,1051,131244,396,71728,655,53442,0,6074,531,31925,490,52022,533,83947,California
Merced,2021-04-27,1434,132678,585,72313,839,54281,10,6084,580,31727,789,52811,591,84538,California
Merced,2021-04-28,1322,134000,643,72956,670,54951,9,6093,757,31950,545,53356,768,85306,California
Merced,2021-04-29,1151,135151,425,73381,703,55654,23,6116,554,31938,590,53946,578,85884,California
Merced,2021-04-30,683,135834,285,73666,368,56022,30,6146,368,32022,314,54260,398,86282,California
Merced,2021-05-01,199,136033,114,73780,85,56107,0,6146,159,32143,39,54299,160,86442,California
Merced,2021-05-02,157,136190,23,73803,132,56239,2,6148,66,32121,91,54390,69,86511,California
Modoc,2020-12-16,1,1,1,1,0,0,0,0,1,1,0,0,1,1,California
Modoc,2020-12-21,100,101,100,101,0,0,0,0,100,101,0,0,100,101,California
Modoc,2020-12-22,14,115,14,115,0,0,0,0,14,115,0,0,14,115,California
Modoc,2020-12-23,4,119,4,119,0,0,0,0,4,119,0,0,4,119,California
Modoc,2020-12-24,1,120,1,120,0,0,0,0,1,120,0,0,1,120,California
Modoc,2020-12-28,2,122,2,122,0,0,0,0,2,122,0,0,2,122,California
Modoc,2020-12-29,10,132,1,123,9,9,0,0,10,132,0,0,10,132,California
Modoc,2020-12-30,7,139,0,123,7,16,0,0,7,139,0,0,7,139,California
Modoc,2021-01-02,2,141,0,123,2,18,0,0,2,141,0,0,2,141,California
Modoc,2021-01-04,8,149,0,123,8,26,0,0,8,149,0,0,8,149,California
Modoc,2021-01-05,2,151,1,124,1,27,0,0,2,151,0,0,2,151,California
Modoc,2021-01-06,3,154,2,126,1,28,0,0,2,152,1,1,2,153,California
Modoc,2021-01-07,72,226,0,126,72,100,0,0,72,224,0,1,72,225,California
Modoc,2021-01-08,105,331,0,126,105,205,0,0,105,329,0,1,105,330,California
Modoc,2021-01-10,1,332,1,127,0,205,0,0,0,328,1,2,0,330,California
Modoc,2021-01-11,91,423,82,209,9,214,0,0,19,275,72,74,19,349,California
Modoc,2021-01-12,94,517,25,234,69,283,0,0,68,317,26,100,68,417,California
Modoc,2021-01-13,24,541,4,238,20,303,0,0,22,337,2,102,22,439,California
Modoc,2021-01-14,129,670,6,244,123,426,0,0,124,456,5,107,124,563,California
Modoc,2021-01-15,6,676,1,245,5,431,0,0,6,462,0,107,6,569,California
Modoc,2021-01-16,1,677,1,246,0,431,0,0,1,463,0,107,1,570,California
Modoc,2021-01-18,1,678,1,247,0,431,0,0,1,464,0,107,1,571,California
Modoc,2021-01-19,5,683,3,250,2,433,0,0,3,465,2,109,3,574,California
Modoc,2021-01-20,11,694,1,251,10,443,0,0,11,476,0,109,11,585,California
Modoc,2021-01-21,157,851,2,253,155,598,0,0,157,633,0,109,157,742,California
Modoc,2021-01-22,2,853,0,253,2,600,0,0,2,635,0,109,2,744,California
Modoc,2021-01-25,11,864,0,253,11,611,0,0,11,646,0,109,11,755,California
Modoc,2021-01-26,65,929,1,254,64,675,0,0,65,711,0,109,65,820,California
Modoc,2021-01-27,41,970,2,256,39,714,0,0,25,720,16,125,25,845,California
Modoc,2021-01-28,144,1114,1,257,143,857,0,0,144,864,0,125,144,989,California
Modoc,2021-01-29,3,1117,1,258,2,859,0,0,3,867,0,125,3,992,California
Modoc,2021-02-01,25,1142,12,270,13,872,0,0,11,864,14,139,11,1003,California
Modoc,2021-02-02,170,1312,2,272,168,1040,0,0,167,1028,3,142,167,1170,California
Modoc,2021-02-03,18,1330,13,285,5,1045,0,0,11,1032,7,149,11,1181,California
Modoc,2021-02-04,155,1485,4,289,151,1196,0,0,27,931,128,277,27,1208,California
Modoc,2021-02-05,4,1489,3,292,1,1197,0,0,3,933,1,278,3,1211,California
Modoc,2021-02-08,9,1498,2,294,7,1204,0,0,8,940,1,279,8,1219,California
Modoc,2021-02-09,197,1695,13,307,184,1388,0,0,65,873,132,411,65,1284,California
Modoc,2021-02-10,5,1700,2,309,3,1391,0,0,4,876,1,412,4,1288,California
Modoc,2021-02-11,201,1901,3,312,198,1589,0,0,83,841,118,530,83,1371,California
Modoc,2021-02-12,4,1905,0,312,4,1593,0,0,2,841,2,532,2,1373,California
Modoc,2021-02-13,1,1906,0,312,1,1594,0,0,1,842,0,532,1,1374,California
Modoc,2021-02-16,147,2053,6,318,141,1735,0,0,143,981,4,536,143,1517,California
Modoc,2021-02-17,24,2077,1,319,23,1758,0,0,12,981,12,548,12,1529,California
Modoc,2021-02-18,188,2265,2,321,186,1944,0,0,25,845,162,710,26,1555,California
Modoc,2021-02-19,2,2267,2,323,0,1944,0,0,2,847,0,710,2,1557,California
Modoc,2021-02-20,1,2268,1,324,0,1944,0,0,1,848,0,710,1,1558,California
Modoc,2021-02-22,17,2285,9,333,8,1952,0,0,3,837,14,724,3,1561,California
Modoc,2021-02-23,20,2305,2,335,18,1970,0,0,1,819,19,743,1,1562,California
Modoc,2021-02-24,90,2395,1,336,89,2059,0,0,30,789,60,803,30,1592,California
Modoc,2021-02-25,169,2564,1,337,168,2227,0,0,13,646,156,959,13,1605,California
Modoc,2021-02-26,3,2567,0,337,3,2230,0,0,1,645,2,961,1,1606,California
Modoc,2021-02-27,5,2572,5,342,0,2230,0,0,2,644,3,964,2,1608,California
Modoc,2021-03-01,4,2576,0,342,4,2234,0,0,0,640,4,968,0,1608,California
Modoc,2021-03-02,193,2769,12,354,181,2415,0,0,26,499,167,1135,26,1634,California
Modoc,2021-03-03,12,2781,6,360,6,2421,0,0,2,491,10,1145,2,1636,California
Modoc,2021-03-04,175,2956,2,362,173,2594,0,0,148,612,27,1172,148,1784,California
Modoc,2021-03-05,4,2960,3,365,1,2595,0,0,2,612,2,1174,2,1786,California
Modoc,2021-03-06,11,2971,0,365,1,2596,10,10,1,613,10,1184,11,1797,California
Modoc,2021-03-07,6,2977,1,366,0,2596,5,15,1,614,5,1189,6,1803,California
Modoc,2021-03-08,8,2985,1,367,3,2599,4,19,1,613,6,1195,5,1808,California
Modoc,2021-03-09,126,3111,10,377,108,2707,8,27,61,617,65,1260,69,1877,California
Modoc,2021-03-10,9,3120,3,380,2,2709,4,31,4,620,5,1265,8,1885,California
Modoc,2021-03-11,207,3327,0,380,99,2808,108,139,22,565,185,1450,130,2015,California
Modoc,2021-03-12,10,3337,1,381,4,2812,5,144,4,568,6,1456,9,2024,California
Modoc,2021-03-13,4,3341,0,381,1,2813,3,147,1,569,3,1459,4,2028,California
Modoc,2021-03-15,12,3353,1,382,10,2823,1,148,10,578,2,1461,11,2039,California
Modoc,2021-03-16,173,3526,1,383,168,2991,4,152,42,492,131,1592,45,2084,California
Modoc,2021-03-17,10,3536,1,384,4,2995,5,157,2,491,8,1600,7,2091,California
Modoc,2021-03-18,66,3602,1,385,58,3053,7,164,34,500,32,1632,41,2132,California
Modoc,2021-03-19,5,3607,0,385,0,3053,5,169,0,500,5,1637,5,2137,California
Modoc,2021-03-20,6,3613,2,387,1,3054,3,172,1,499,5,1642,4,2141,California
Modoc,2021-03-21,4,3617,1,388,1,3055,2,174,2,501,2,1644,4,2145,California
Modoc,2021-03-22,18,3635,1,389,11,3066,6,180,12,513,6,1650,18,2163,California
Modoc,2021-03-23,35,3670,5,394,27,3093,3,183,27,535,8,1658,30,2193,California
Modoc,2021-03-24,29,3699,1,395,18,3111,10,193,2,520,27,1685,12,2205,California
Modoc,2021-03-25,77,3776,1,396,74,3185,2,195,45,535,32,1717,47,2252,California
Modoc,2021-03-26,7,3783,2,398,2,3187,3,198,2,535,5,1722,5,2257,California
Modoc,2021-03-27,2,3785,0,398,1,3188,1,199,1,536,1,1723,2,2259,California
Modoc,2021-03-28,2,3787,1,399,0,3188,1,200,0,535,2,1725,1,2260,California
Modoc,2021-03-29,14,3801,1,400,5,3193,8,208,5,539,9,1734,13,2273,California
Modoc,2021-03-30,56,3857,10,410,39,3232,7,215,22,534,34,1768,29,2302,California
Modoc,2021-03-31,9,3866,3,413,2,3234,4,219,3,535,6,1774,7,2309,California
Modoc,2021-04-01,169,4035,2,415,162,3396,5,224,34,439,135,1909,39,2348,California
Modoc,2021-04-02,4,4039,0,415,1,3397,3,227,0,439,3,1912,3,2351,California
Modoc,2021-04-03,5,4044,2,417,0,3397,3,230,2,441,2,1914,4,2355,California
Modoc,2021-04-05,9,4053,0,417,9,3406,0,230,9,450,0,1914,9,2364,California
Modoc,2021-04-06,24,4077,5,422,9,3415,10,240,6,448,18,1932,16,2380,California
Modoc,2021-04-07,12,4089,1,423,4,3419,7,247,3,449,9,1941,10,2390,California
Modoc,2021-04-08,97,4186,1,424,93,3512,3,250,26,407,71,2012,29,2419,California
Modoc,2021-04-09,11,4197,2,426,6,3518,3,253,2,402,9,2021,4,2423,California
Modoc,2021-04-10,5,4202,0,426,1,3519,4,257,0,401,5,2026,4,2427,California
Modoc,2021-04-11,2,4204,2,428,0,3519,0,257,1,401,1,2027,1,2428,California
Modoc,2021-04-12,14,4218,1,429,9,3528,4,261,1,395,11,2038,5,2433,California
Modoc,2021-04-13,28,4246,27,456,1,3529,0,261,21,409,7,2045,21,2454,California
Modoc,2021-04-14,2,4248,2,458,0,3529,0,261,1,409,1,2046,1,2455,California
Modoc,2021-04-15,99,4347,0,458,99,3628,0,261,26,362,73,2119,26,2481,California
Modoc,2021-04-16,4,4351,4,462,0,3628,0,261,3,364,1,2120,3,2484,California
Modoc,2021-04-17,2,4353,2,464,0,3628,0,261,2,366,0,2120,2,2486,California
Modoc,2021-04-18,1,4354,0,464,1,3629,0,261,1,367,0,2120,1,2487,California
Modoc,2021-04-19,7,4361,1,465,6,3635,0,261,2,364,5,2125,2,2489,California
Modoc,2021-04-20,27,4388,2,467,25,3660,0,261,9,355,18,2143,9,2498,California
Modoc,2021-04-21,3,4391,3,470,0,3660,0,261,1,354,2,2145,1,2499,California
Modoc,2021-04-22,98,4489,4,474,94,3754,0,261,41,338,57,2202,41,2540,California
Modoc,2021-04-23,4,4493,0,474,4,3758,0,261,3,340,1,2203,3,2543,California
Modoc,2021-04-24,3,4496,1,475,1,3759,1,262,2,342,1,2204,3,2546,California
Modoc,2021-04-25,1,4497,1,476,0,3759,0,262,1,343,0,2204,1,2547,California
Modoc,2021-04-26,8,4505,1,477,7,3766,0,262,3,341,5,2209,3,2550,California
Modoc,2021-04-27,6,4511,4,481,1,3767,1,263,0,336,6,2215,1,2551,California
Modoc,2021-04-28,3,4514,0,481,3,3770,0,263,0,333,3,2218,0,2551,California
Modoc,2021-04-29,52,4566,2,483,50,3820,0,263,17,315,35,2253,17,2568,California
Modoc,2021-04-30,2,4568,2,485,0,3820,0,263,2,317,0,2253,2,2570,California
Modoc,2021-05-01,1,4569,1,486,0,3820,0,263,0,316,1,2254,0,2570,California
Modoc,2021-05-02,1,4570,0,486,1,3821,0,263,1,317,0,2254,1,2571,California
Mono,2020-12-18,1,1,1,1,0,0,0,0,1,1,0,0,1,1,California
Mono,2020-12-19,5,6,5,6,0,0,0,0,5,6,0,0,5,6,California
Mono,2020-12-20,7,13,7,13,0,0,0,0,7,13,0,0,7,13,California
Mono,2020-12-21,24,37,17,30,7,7,0,0,24,37,0,0,24,37,California
Mono,2020-12-22,66,103,65,95,1,8,0,0,66,103,0,0,66,103,California
Mono,2020-12-23,70,173,42,137,28,36,0,0,70,173,0,0,70,173,California
Mono,2020-12-24,3,176,1,138,2,38,0,0,3,176,0,0,3,176,California
Mono,2020-12-26,3,179,3,141,0,38,0,0,3,179,0,0,3,179,California
Mono,2020-12-28,94,273,63,204,31,69,0,0,94,273,0,0,94,273,California
Mono,2020-12-29,29,302,29,233,0,69,0,0,29,302,0,0,29,302,California
Mono,2020-12-30,77,379,36,269,41,110,0,0,77,379,0,0,77,379,California
Mono,2020-12-31,4,383,1,270,3,113,0,0,4,383,0,0,4,383,California
Mono,2021-01-01,4,387,4,274,0,113,0,0,4,387,0,0,4,387,California
Mono,2021-01-02,2,389,2,276,0,113,0,0,2,389,0,0,2,389,California
Mono,2021-01-04,1,390,0,276,1,114,0,0,1,390,0,0,1,390,California
Mono,2021-01-05,45,435,2,278,43,157,0,0,44,433,1,1,44,434,California
Mono,2021-01-06,44,479,0,278,44,201,0,0,44,477,0,1,44,478,California
Mono,2021-01-07,55,534,3,281,52,253,0,0,54,530,1,2,54,532,California
Mono,2021-01-08,2,536,1,282,1,254,0,0,1,530,1,3,1,533,California
Mono,2021-01-09,4,540,4,286,0,254,0,0,0,526,4,7,0,533,California
Mono,2021-01-10,5,545,5,291,0,254,0,0,0,521,5,12,0,533,California
Mono,2021-01-11,8,553,5,296,3,257,0,0,4,521,4,16,4,537,California
Mono,2021-01-12,282,835,75,371,207,464,0,0,218,676,63,79,218,755,California
Mono,2021-01-13,233,1068,73,444,160,624,0,0,178,799,55,134,178,933,California
Mono,2021-01-14,73,1141,71,515,2,626,0,0,73,872,0,134,73,1006,California
Mono,2021-01-15,62,1203,2,517,60,686,0,0,62,934,0,134,62,1068,California
Mono,2021-01-16,4,1207,3,520,1,687,0,0,1,932,3,137,1,1069,California
Mono,2021-01-18,64,1271,55,575,9,696,0,0,2,872,62,199,2,1071,California
Mono,2021-01-19,209,1480,207,782,2,698,0,0,171,1006,38,237,172,1243,California
Mono,2021-01-20,231,1711,199,981,32,730,0,0,170,1115,61,298,170,1413,California
Mono,2021-01-21,3,1714,3,984,0,730,0,0,3,1118,0,298,3,1416,California
Mono,2021-01-22,4,1718,0,984,4,734,0,0,4,1122,0,298,4,1420,California
Mono,2021-01-23,595,2313,595,1579,0,734,0,0,594,1715,1,299,594,2014,California
Mono,2021-01-25,203,2516,165,1744,38,772,0,0,164,1840,39,338,164,2178,California
Mono,2021-01-26,504,3020,502,2246,2,774,0,0,498,2332,6,344,498,2676,California
Mono,2021-01-27,5,3025,1,2247,4,778,0,0,5,2337,0,344,5,2681,California
Mono,2021-01-28,7,3032,3,2250,4,782,0,0,3,2336,4,348,3,2684,California
Mono,2021-01-30,202,3234,200,2450,2,784,0,0,201,2536,1,349,201,2885,California
Mono,2021-01-31,243,3477,138,2588,105,889,0,0,139,2571,104,453,139,3024,California
Mono,2021-02-01,27,3504,27,2615,0,889,0,0,0,2544,27,480,0,3024,California
Mono,2021-02-02,5,3509,0,2615,5,894,0,0,2,2543,3,483,2,3026,California
Mono,2021-02-03,4,3513,2,2617,2,896,0,0,2,2543,2,485,2,3028,California
Mono,2021-02-04,211,3724,158,2775,53,949,0,0,90,2512,121,606,90,3118,California
Mono,2021-02-05,615,4339,609,3384,6,955,0,0,612,3121,3,609,612,3730,California
Mono,2021-02-06,139,4478,138,3522,1,956,0,0,137,3256,2,611,137,3867,California
Mono,2021-02-07,2,4480,0,3522,2,958,0,0,2,3258,0,611,2,3869,California
Mono,2021-02-08,171,4651,171,3693,0,958,0,0,15,3118,155,766,15,3884,California
Mono,2021-02-09,226,4877,6,3699,220,1178,0,0,14,2920,212,978,14,3898,California
Mono,2021-02-10,537,5414,187,3886,350,1528,0,0,195,2774,342,1320,196,4094,California
Mono,2021-02-11,7,5421,4,3890,3,1531,0,0,2,2771,5,1325,2,4096,California
Mono,2021-02-12,84,5505,20,3910,64,1595,0,0,26,2739,58,1383,26,4122,California
Mono,2021-02-13,586,6091,586,4496,0,1595,0,0,25,2204,560,1943,25,4147,California
Mono,2021-02-15,166,6257,164,4660,2,1597,0,0,3,2046,161,2104,3,4150,California
Mono,2021-02-16,515,6772,512,5172,3,1600,0,0,45,1624,467,2571,45,4195,California
Mono,2021-02-17,6,6778,1,5173,5,1605,0,0,1,1620,5,2576,1,4196,California
Mono,2021-02-18,3,6781,2,5175,1,1606,0,0,2,1621,1,2577,2,4198,California
Mono,2021-02-19,54,6835,53,5228,1,1607,0,0,54,1675,0,2577,54,4252,California
Mono,2021-02-20,4,6839,4,5232,0,1607,0,0,4,1679,0,2577,4,4256,California
Mono,2021-02-21,3,6842,3,5235,0,1607,0,0,3,1682,0,2577,3,4259,California
Mono,2021-02-22,285,7127,284,5519,1,1608,0,0,24,1446,260,2837,24,4283,California
Mono,2021-02-23,135,7262,115,5634,20,1628,0,0,22,1355,113,2950,22,4305,California
Mono,2021-02-24,8,7270,3,5637,5,1633,0,0,2,1351,6,2956,2,4307,California
Mono,2021-02-25,5,7275,2,5639,3,1636,0,0,3,1353,1,2957,3,4310,California
Mono,2021-02-26,596,7871,595,6234,1,1637,0,0,20,798,575,3532,20,4330,California
Mono,2021-02-27,141,8012,137,6371,4,1641,0,0,4,668,134,3666,4,4334,California
Mono,2021-03-01,2,8014,2,6373,0,1641,0,0,1,669,0,3666,1,4335,California
Mono,2021-03-02,5,8019,3,6376,2,1643,0,0,3,670,2,3668,3,4338,California
Mono,2021-03-03,82,8101,2,6378,80,1723,0,0,79,747,2,3670,79,4417,California
Mono,2021-03-04,5,8106,1,6379,4,1727,0,0,3,748,2,3672,3,4420,California
Mono,2021-03-05,37,8143,27,6406,10,1737,0,0,14,739,23,3695,14,4434,California
Mono,2021-03-06,510,8653,17,6423,493,2230,0,0,502,1236,6,3701,503,4937,California
Mono,2021-03-07,1,8654,0,6423,1,2231,0,0,0,1235,1,3702,0,4937,California
Mono,2021-03-08,538,9192,11,6434,524,2755,3,3,529,1758,9,3711,532,5469,California
Mono,2021-03-09,6,9198,2,6436,3,2758,1,4,3,1760,2,3713,4,5473,California
Mono,2021-03-10,285,9483,90,6526,192,2950,3,7,9,1498,274,3987,12,5485,California
Mono,2021-03-11,10,9493,0,6526,1,2951,9,16,0,1497,10,3997,9,5494,California
Mono,2021-03-12,7,9500,1,6527,1,2952,5,21,0,1495,7,4004,5,5499,California
Mono,2021-03-13,824,10324,387,6914,437,3389,0,21,816,2303,8,4012,816,6315,California
Mono,2021-03-14,4,10328,4,6918,0,3389,0,21,1,2301,3,4015,1,6316,California
Mono,2021-03-15,29,10357,23,6941,1,3390,5,26,12,2302,16,4031,17,6333,California
Mono,2021-03-16,16,10373,6,6947,4,3394,6,32,8,2308,8,4039,14,6347,California
Mono,2021-03-17,33,10406,4,6951,21,3415,8,40,21,2325,12,4051,29,6376,California
Mono,2021-03-18,21,10427,2,6953,11,3426,8,48,9,2330,12,4063,17,6393,California
Mono,2021-03-19,21,10448,1,6954,17,3443,3,51,17,2347,3,4066,20,6413,California
Mono,2021-03-20,5,10453,3,6957,1,3444,1,52,4,2351,1,4067,5,6418,California
Mono,2021-03-21,1,10454,1,6958,0,3444,0,52,1,2352,0,4067,1,6419,California
Mono,2021-03-22,11,10465,0,6958,6,3450,5,57,5,2356,6,4073,10,6429,California
Mono,2021-03-23,41,10506,5,6963,31,3481,5,62,18,2356,23,4096,23,6452,California
Mono,2021-03-24,11,10517,1,6964,5,3486,5,67,5,2360,6,4102,10,6462,California
Mono,2021-03-25,19,10536,3,6967,12,3498,4,71,12,2369,7,4109,16,6478,California
Mono,2021-03-26,19,10555,3,6970,11,3509,5,76,10,2376,8,4117,15,6493,California
Mono,2021-03-27,350,10905,347,7317,3,3512,0,76,324,2674,26,4143,324,6817,California
Mono,2021-03-28,1,10906,1,7318,0,3512,0,76,1,2675,0,4143,1,6818,California
Mono,2021-03-29,10,10916,3,7321,6,3518,1,77,8,2682,2,4145,9,6827,California
Mono,2021-03-30,14,10930,0,7321,10,3528,4,81,9,2690,5,4150,13,6840,California
Mono,2021-03-31,125,11055,7,7328,117,3645,1,82,46,2659,78,4228,47,6887,California
Mono,2021-04-01,8,11063,0,7328,7,3652,1,83,3,2658,5,4233,4,6891,California
Mono,2021-04-02,17,11080,2,7330,15,3667,0,83,6,2653,11,4244,6,6897,California
Mono,2021-04-03,849,11929,366,7696,483,4150,0,83,35,1876,812,5056,35,6932,California
Mono,2021-04-05,529,12458,17,7713,511,4661,1,84,31,1411,497,5553,32,6964,California
Mono,2021-04-06,20,12478,2,7715,5,4666,13,97,2,1408,18,5571,15,6979,California
Mono,2021-04-07,24,12502,2,7717,3,4669,19,116,4,1411,20,5591,23,7002,California
Mono,2021-04-08,21,12523,2,7719,2,4671,17,133,3,1413,18,5609,20,7022,California
Mono,2021-04-09,37,12560,4,7723,4,4675,29,162,7,1419,30,5639,36,7058,California
Mono,2021-04-10,446,13006,2,7725,437,5112,7,169,28,1036,418,6057,35,7093,California
Mono,2021-04-11,1,13007,1,7726,0,5112,0,169,0,1035,1,6058,0,7093,California
Mono,2021-04-12,6,13013,0,7726,3,5115,3,172,3,1038,3,6061,6,7099,California
Mono,2021-04-13,18,13031,2,7728,15,5130,1,173,12,1045,6,6067,13,7112,California
Mono,2021-04-14,26,13057,1,7729,25,5155,0,173,7,1033,19,6086,7,7119,California
Mono,2021-04-15,18,13075,3,7732,15,5170,0,173,9,1033,9,6095,9,7128,California
Mono,2021-04-16,14,13089,1,7733,13,5183,0,173,5,1029,9,6104,5,7133,California
Mono,2021-04-17,51,13140,2,7735,49,5232,0,173,44,1066,7,6111,44,7177,California
Mono,2021-04-18,2,13142,1,7736,1,5233,0,173,2,1068,0,6111,2,7179,California
Mono,2021-04-19,526,13668,319,8055,207,5440,0,173,200,944,324,6435,200,7379,California
Mono,2021-04-20,17,13685,2,8057,15,5455,0,173,12,951,5,6440,12,7391,California
Mono,2021-04-21,9,13694,1,8058,8,5463,0,173,4,950,5,6445,4,7395,California
Mono,2021-04-22,27,13721,13,8071,14,5477,0,173,13,949,14,6459,13,7408,California
Mono,2021-04-23,21,13742,2,8073,19,5496,0,173,11,950,10,6469,11,7419,California
Mono,2021-04-24,34,13776,20,8093,14,5510,0,173,19,954,15,6484,19,7438,California
Mono,2021-04-25,3,13779,2,8095,1,5511,0,173,3,957,0,6484,3,7441,California
Mono,2021-04-26,8,13787,1,8096,7,5518,0,173,2,953,6,6490,2,7443,California
Mono,2021-04-27,63,13850,40,8136,18,5536,5,178,49,993,14,6504,54,7497,California
Mono,2021-04-28,56,13906,38,8174,16,5552,2,180,44,1029,10,6514,46,7543,California
Mono,2021-04-29,11,13917,3,8177,5,5557,3,183,3,1027,8,6522,6,7549,California
Mono,2021-04-30,7,13924,3,8180,4,5561,0,183,4,1028,3,6525,4,7553,California
Mono,2021-05-01,108,14032,3,8183,105,5666,0,183,97,1114,11,6536,97,7650,California
Monterey,2020-12-16,4,4,4,4,0,0,0,0,4,4,0,0,4,4,California
Monterey,2020-12-17,83,87,83,87,0,0,0,0,83,87,0,0,83,87,California
Monterey,2020-12-18,482,569,482,569,0,0,0,0,482,569,0,0,482,569,California
Monterey,2020-12-19,578,1147,578,1147,0,0,0,0,578,1147,0,0,578,1147,California
Monterey,2020-12-20,422,1569,422,1569,0,0,0,0,422,1569,0,0,422,1569,California
Monterey,2020-12-21,719,2288,719,2288,0,0,0,0,719,2288,0,0,719,2288,California
Monterey,2020-12-22,533,2821,520,2808,13,13,0,0,533,2821,0,0,533,2821,California
Monterey,2020-12-23,436,3257,261,3069,175,188,0,0,436,3257,0,0,436,3257,California
Monterey,2020-12-24,84,3341,10,3079,74,262,0,0,84,3341,0,0,84,3341,California
Monterey,2020-12-25,6,3347,0,3079,6,268,0,0,6,3347,0,0,6,3347,California
Monterey,2020-12-26,92,3439,5,3084,87,355,0,0,92,3439,0,0,92,3439,California
Monterey,2020-12-27,7,3446,4,3088,3,358,0,0,7,3446,0,0,7,3446,California
Monterey,2020-12-28,475,3921,25,3113,450,808,0,0,475,3921,0,0,475,3921,California
Monterey,2020-12-29,898,4819,167,3280,731,1539,0,0,898,4819,0,0,898,4819,California
Monterey,2020-12-30,568,5387,98,3378,470,2009,0,0,568,5387,0,0,568,5387,California
Monterey,2020-12-31,33,5420,11,3389,22,2031,0,0,33,5420,0,0,33,5420,California
Monterey,2021-01-01,12,5432,2,3391,10,2041,0,0,12,5432,0,0,12,5432,California
Monterey,2021-01-02,137,5569,134,3525,3,2044,0,0,137,5569,0,0,137,5569,California
Monterey,2021-01-03,30,5599,29,3554,1,2045,0,0,30,5599,0,0,30,5599,California
Monterey,2021-01-04,411,6010,18,3572,393,2438,0,0,411,6010,0,0,411,6010,California
Monterey,2021-01-05,751,6761,326,3898,425,2863,0,0,737,6733,14,14,737,6747,California
Monterey,2021-01-06,655,7416,172,4070,483,3346,0,0,633,7344,22,36,633,7380,California
Monterey,2021-01-07,745,8161,571,4641,174,3520,0,0,422,7445,321,357,422,7802,California
Monterey,2021-01-08,1087,9248,734,5375,353,3873,0,0,394,7146,693,1050,394,8196,California
Monterey,2021-01-09,963,10211,935,6310,28,3901,0,0,313,6809,650,1700,313,8509,California
Monterey,2021-01-10,273,10484,270,6580,3,3904,0,0,8,6552,265,1965,8,8517,California
Monterey,2021-01-11,1065,11549,984,7564,81,3985,0,0,362,6211,703,2668,362,8879,California
Monterey,2021-01-12,464,12013,387,7951,77,4062,0,0,203,6153,261,2929,203,9082,California
Monterey,2021-01-13,1216,13229,591,8542,625,4687,0,0,1171,7279,45,2974,1171,10253,California
Monterey,2021-01-14,1046,14275,92,8634,954,5641,0,0,1028,8292,18,2992,1031,11284,California
Monterey,2021-01-15,1046,15321,44,8678,1002,6643,0,0,1033,9312,13,3005,1033,12317,California
Monterey,2021-01-16,362,15683,299,8977,63,6706,0,0,357,9664,5,3010,357,12674,California
Monterey,2021-01-17,309,15992,288,9265,21,6727,0,0,296,9947,13,3023,296,12970,California
Monterey,2021-01-18,402,16394,50,9315,352,7079,0,0,381,10307,21,3044,381,13351,California
Monterey,2021-01-19,577,16971,396,9711,181,7260,0,0,418,10568,157,3201,418,13769,California
Monterey,2021-01-20,531,17502,269,9980,262,7522,0,0,325,10687,206,3407,325,14094,California
Monterey,2021-01-21,840,18342,93,10073,747,8269,0,0,730,11311,110,3517,734,14828,California
Monterey,2021-01-22,1050,19392,193,10266,857,9126,0,0,1011,12283,39,3556,1011,15839,California
Monterey,2021-01-23,240,19632,174,10440,66,9192,0,0,117,12279,122,3678,118,15957,California
Monterey,2021-01-24,56,19688,38,10478,18,9210,0,0,22,12267,34,3712,22,15979,California
Monterey,2021-01-25,782,20470,173,10651,609,9819,0,0,157,11806,618,4330,157,16136,California
Monterey,2021-01-26,927,21397,223,10874,704,10523,0,0,235,11349,692,5022,235,16371,California
Monterey,2021-01-27,857,22254,308,11182,549,11072,0,0,378,11248,479,5501,378,16749,California
Monterey,2021-01-28,2021,24275,737,11919,1284,12356,0,0,1681,12591,340,5841,1683,18432,California
Monterey,2021-01-29,1228,25503,706,12625,522,12878,0,0,1112,13589,115,5956,1113,19545,California
Monterey,2021-01-30,440,25943,293,12918,147,13025,0,0,183,13515,257,6213,183,19728,California
Monterey,2021-01-31,493,26436,71,12989,422,13447,0,0,483,13989,10,6223,484,20212,California
Monterey,2021-02-01,1659,28095,1146,14135,513,13960,0,0,1097,14525,561,6784,1097,21309,California
Monterey,2021-02-02,2153,30248,455,14590,1698,15658,0,0,1546,15465,606,7390,1546,22855,California
Monterey,2021-02-03,2327,32575,1045,15635,1282,16940,0,0,1552,16246,771,8161,1552,24407,California
Monterey,2021-02-04,2703,35278,2019,17654,684,17624,0,0,2441,18427,260,8421,2441,26848,California
Monterey,2021-02-05,3641,38919,2820,20474,821,18445,0,0,3207,21205,429,8850,3207,30055,California
Monterey,2021-02-06,1095,40014,378,20852,717,19162,0,0,754,21620,339,9189,754,30809,California
Monterey,2021-02-07,315,40329,270,21122,45,19207,0,0,96,21497,219,9408,96,30905,California
Monterey,2021-02-08,516,40845,290,21412,226,19433,0,0,430,21841,86,9494,430,31335,California
Monterey,2021-02-09,861,41706,673,22085,188,19621,0,0,551,22084,310,9804,553,31888,California
Monterey,2021-02-10,2085,43791,1114,23199,971,20592,0,0,1235,22470,850,10654,1236,33124,California
Monterey,2021-02-11,2499,46290,971,24170,1528,22120,0,0,1544,23063,953,11607,1546,34670,California
Monterey,2021-02-12,2585,48875,426,24596,2159,24279,0,0,1522,23523,1062,12669,1522,36192,California
Monterey,2021-02-13,1068,49943,50,24646,1018,25297,0,0,977,24409,91,12760,977,37169,California
Monterey,2021-02-14,591,50534,73,24719,518,25815,0,0,518,24854,73,12833,518,37687,California
Monterey,2021-02-15,1367,51901,159,24878,1208,27023,0,0,992,25474,373,13206,993,38680,California
Monterey,2021-02-16,1089,52990,244,25122,845,27868,0,0,866,26117,223,13429,866,39546,California
Monterey,2021-02-17,1935,54925,1162,26284,773,28641,0,0,1637,27460,296,13725,1639,41185,California
Monterey,2021-02-18,2223,57148,1175,27459,1048,29689,0,0,906,27062,1306,15031,908,42093,California
Monterey,2021-02-19,2936,60084,1532,28991,1404,31093,0,0,1345,26817,1591,16622,1346,43439,California
Monterey,2021-02-20,1004,61088,604,29595,400,31493,0,0,950,27714,53,16675,950,44389,California
Monterey,2021-02-21,1239,62327,1211,30806,28,31521,0,0,1170,28817,67,16742,1170,45559,California
Monterey,2021-02-22,975,63302,843,31649,132,31653,0,0,642,29128,331,17073,642,46201,California
Monterey,2021-02-23,949,64251,617,32266,332,31985,0,0,299,28779,649,17722,300,46501,California
Monterey,2021-02-24,2460,66711,1312,33578,1148,33133,0,0,1848,30021,607,18329,1849,48350,California
Monterey,2021-02-25,4402,71113,2413,35991,1989,35122,0,0,1487,28601,2908,21237,1488,49838,California
Monterey,2021-02-26,5245,76358,3080,39071,2165,37287,0,0,2623,28606,2619,23856,2624,52462,California
Monterey,2021-02-27,996,77354,182,39253,814,38101,0,0,805,29225,186,24042,805,53267,California
Monterey,2021-02-28,1527,78881,81,39334,1446,39547,0,0,1065,29833,457,24499,1065,54332,California
Monterey,2021-03-01,1279,80160,138,39472,1138,40685,3,3,742,30046,533,25032,746,55078,California
Monterey,2021-03-02,2726,82886,1718,41190,1008,41693,0,3,1877,31078,845,25877,1877,56955,California
Monterey,2021-03-03,3200,86086,1241,42431,1959,43652,0,3,1260,30401,1938,27815,1261,58216,California
Monterey,2021-03-04,4548,90634,1468,43899,3080,46732,0,3,2948,31753,1596,29411,2948,61164,California
Monterey,2021-03-05,3584,94218,1619,45518,1688,48420,277,280,2954,34355,629,30040,3231,64395,California
Monterey,2021-03-06,5027,99245,1066,46584,3658,52078,303,583,4123,37878,901,30941,4424,68819,California
Monterey,2021-03-07,520,99765,108,46692,167,52245,245,828,233,38067,287,31228,476,69295,California
Monterey,2021-03-08,1657,101422,326,47018,942,53187,389,1217,1119,39035,538,31766,1506,70801,California
Monterey,2021-03-09,1905,103327,677,47695,952,54139,276,1493,1417,40239,487,32253,1691,72492,California
Monterey,2021-03-10,3114,106441,1017,48712,1609,55748,488,1981,1415,40448,1693,33946,1902,74394,California
Monterey,2021-03-11,4100,110541,1402,50114,2325,58073,373,2354,2340,41408,1753,35699,2713,77107,California
Monterey,2021-03-12,4293,114834,2046,52160,2130,60203,117,2471,2630,42494,1660,37359,2746,79853,California
Monterey,2021-03-13,5237,120071,960,53120,3930,64133,347,2818,3930,45465,1307,38666,4278,84131,California
Monterey,2021-03-14,2147,122218,1325,54445,797,64930,25,2843,577,44508,1559,40225,602,84733,California
Monterey,2021-03-15,3939,126157,1265,55710,2385,67315,289,3132,2254,45369,1681,41906,2542,87275,California
Monterey,2021-03-16,3489,129646,570,56280,2545,69860,374,3506,2079,46410,1409,43315,2450,89725,California
Monterey,2021-03-17,5698,135344,2329,58609,3117,72977,252,3758,4105,49186,1586,44901,4362,94087,California
Monterey,2021-03-18,4350,139694,2153,60762,2030,75007,167,3925,2995,51038,1348,46249,3200,97287,California
Monterey,2021-03-19,5385,145079,2556,63318,2687,77694,142,4067,4114,54029,1266,47515,4257,101544,California
Monterey,2021-03-20,3307,148386,420,63738,2192,79886,695,4762,2230,55879,1074,48589,2924,104468,California
Monterey,2021-03-21,622,149008,200,63938,414,80300,8,4770,555,56376,65,48654,562,105030,California
Monterey,2021-03-22,2452,151460,1428,65366,962,81262,62,4832,2246,58479,203,48857,2306,107336,California
Monterey,2021-03-23,3967,155427,2347,67713,1578,82840,42,4874,2512,59583,1450,50307,2554,109890,California
Monterey,2021-03-24,4973,160400,2086,69799,2577,85417,310,5184,3620,62162,1349,51656,3928,113818,California
Monterey,2021-03-25,5212,165612,1210,71009,3645,89062,357,5541,2591,62498,2613,54269,2949,116767,California
Monterey,2021-03-26,5292,170904,2603,73612,2623,91685,66,5607,2655,62593,2628,56897,2723,119490,California
Monterey,2021-03-27,4756,175660,1418,75030,3082,94767,256,5863,3046,64188,1707,58604,3302,122792,California
Monterey,2021-03-28,1105,176765,333,75363,763,95530,9,5872,623,64343,477,59081,632,123424,California
Monterey,2021-03-29,3166,179931,1402,76765,1750,97280,14,5886,1951,65103,1208,60289,1968,125392,California
Monterey,2021-03-30,4437,184368,2133,78898,2262,99542,42,5928,2752,66226,1675,61964,2798,128190,California
Monterey,2021-03-31,5281,189649,2376,81274,2115,101657,790,6718,3336,68401,1942,63906,4117,132307,California
Monterey,2021-04-01,6019,195668,2060,83334,3552,105209,407,7125,3015,68830,2990,66896,3419,135726,California
Monterey,2021-04-02,4659,200327,2239,85573,2359,107568,61,7186,3164,70564,1494,68390,3228,138954,California
Monterey,2021-04-03,5741,206068,1094,86667,3626,111194,1021,8207,1174,68203,4551,72941,2190,141144,California
Monterey,2021-04-04,754,206822,155,86822,585,111779,14,8221,486,68437,268,73209,502,141646,California
Monterey,2021-04-05,3965,210787,2460,89282,1278,113057,227,8448,1458,67620,2502,75711,1685,143331,California
Monterey,2021-04-06,3327,214114,1314,90596,1541,114598,472,8920,1112,66992,2211,77922,1583,144914,California
Monterey,2021-04-07,5452,219566,1361,91957,3581,118179,510,9430,2617,67293,2824,80746,3125,148039,California
Monterey,2021-04-08,6464,226030,3454,95411,2210,120389,800,10230,3172,67980,3286,84032,3973,152012,California
Monterey,2021-04-09,5468,231498,3322,98733,1516,121905,630,10860,2190,67525,3274,87306,2819,154831,California
Monterey,2021-04-10,10012,241510,4887,103620,2977,124882,2148,13008,4894,69456,5110,92416,7041,161872,California
Monterey,2021-04-11,5419,246929,4251,107871,568,125450,600,13608,4377,73396,1036,93452,4976,166848,California
Monterey,2021-04-12,4048,250977,1834,109705,1904,127354,310,13918,896,71589,3013,96465,1206,168054,California
Monterey,2021-04-13,3113,254090,711,110416,2397,129751,5,13923,1484,71472,1607,98072,1490,169544,California
Monterey,2021-04-14,6557,260647,3110,113526,3445,133196,2,13925,1797,68524,4747,102819,1799,171343,California
Monterey,2021-04-15,5721,266368,3868,117394,1853,135049,0,13925,3810,70453,1881,104700,3810,175153,California
Monterey,2021-04-16,4660,271028,2388,119782,2258,137307,14,13939,2173,70164,2476,107176,2187,177340,California
Monterey,2021-04-17,5237,276265,1329,121111,3908,141215,0,13939,3593,72124,1633,108809,3593,180933,California
Monterey,2021-04-18,834,277099,253,121364,581,141796,0,13939,234,71762,596,109405,234,181167,California
Monterey,2021-04-19,3667,280766,1284,122648,2383,144179,0,13939,1752,71607,1907,111312,1752,182919,California
Monterey,2021-04-20,3757,284523,1574,124222,2183,146362,0,13939,1548,70968,2188,113500,1549,184468,California
Monterey,2021-04-21,5769,290292,3150,127372,2619,148981,0,13939,2833,70901,2902,116402,2835,187303,California
Monterey,2021-04-22,4692,294984,1008,128380,3684,152665,0,13939,1947,70139,2709,119111,1947,189250,California
Monterey,2021-04-23,5635,300619,2627,131007,3007,155672,1,13940,2214,68955,3402,122513,2218,191468,California
Monterey,2021-04-24,4067,304686,569,131576,3498,159170,0,13940,1522,67965,2512,125025,1522,192990,California
Monterey,2021-04-25,1229,305915,601,132177,628,159798,0,13940,785,68315,435,125460,785,193775,California
Monterey,2021-04-26,3372,309287,2117,134294,1239,161037,16,13956,851,66685,2497,127957,867,194642,California
Monterey,2021-04-27,2497,311784,864,135158,1517,162554,116,14072,1092,66493,1399,129356,1207,195849,California
Monterey,2021-04-28,3201,314985,1120,136278,1945,164499,136,14208,2093,67622,1097,130453,2226,198075,California
Monterey,2021-04-29,3807,318792,2185,138463,1557,166056,65,14273,1372,66632,2428,132881,1438,199513,California
Monterey,2021-04-30,1943,320735,1328,139791,599,166655,16,14289,457,65623,1481,134362,472,199985,California
Monterey,2021-05-01,4396,325131,3877,143668,514,167169,5,14294,431,62107,3950,138312,434,200419,California
Monterey,2021-05-02,3652,328783,3622,147290,30,167199,0,14294,145,58752,3500,141812,145,200564,California
Napa,2020-12-16,12,12,12,12,0,0,0,0,12,12,0,0,12,12,California
Napa,2020-12-17,44,56,44,56,0,0,0,0,44,56,0,0,44,56,California
Napa,2020-12-18,101,157,101,157,0,0,0,0,101,157,0,0,101,157,California
Napa,2020-12-19,221,378,221,378,0,0,0,0,221,378,0,0,221,378,California
Napa,2020-12-20,188,566,188,566,0,0,0,0,188,566,0,0,188,566,California
Napa,2020-12-21,309,875,309,875,0,0,0,0,310,876,0,0,310,876,California
Napa,2020-12-22,340,1215,331,1206,9,9,0,0,340,1216,0,0,340,1216,California
Napa,2020-12-23,427,1642,318,1524,109,118,0,0,427,1643,0,0,427,1643,California
Napa,2020-12-24,139,1781,78,1602,61,179,0,0,139,1782,0,0,139,1782,California
Napa,2020-12-25,1,1782,1,1603,0,179,0,0,1,1783,0,0,1,1783,California
Napa,2020-12-26,39,1821,11,1614,28,207,0,0,39,1822,0,0,39,1822,California
Napa,2020-12-27,32,1853,16,1630,16,223,0,0,32,1854,0,0,32,1854,California
Napa,2020-12-28,251,2104,185,1815,66,289,0,0,280,2134,0,0,280,2134,California
Napa,2020-12-29,273,2377,214,2029,59,348,0,0,307,2441,0,0,307,2441,California
Napa,2020-12-30,628,3005,485,2514,143,491,0,0,636,3077,0,0,636,3077,California
Napa,2020-12-31,461,3466,373,2887,88,579,0,0,461,3538,0,0,461,3538,California
Napa,2021-01-01,1,3467,1,2888,0,579,0,0,1,3539,0,0,1,3539,California
Napa,2021-01-02,98,3565,93,2981,5,584,0,0,98,3637,0,0,98,3637,California
Napa,2021-01-03,13,3578,11,2992,2,586,0,0,9,3646,0,0,9,3646,California
Napa,2021-01-04,106,3684,64,3056,42,628,0,0,106,3752,0,0,106,3752,California
Napa,2021-01-05,162,3846,85,3141,77,705,0,0,145,3873,24,24,145,3897,California
Napa,2021-01-06,460,4306,115,3256,345,1050,0,0,396,4207,62,86,396,4293,California
Napa,2021-01-07,497,4803,234,3490,263,1313,0,0,397,4505,99,185,397,4690,California
Napa,2021-01-08,442,5245,226,3716,216,1529,0,0,262,4588,179,364,262,4952,California
Napa,2021-01-09,325,5570,300,4016,25,1554,0,0,189,4641,136,500,189,5141,California
Napa,2021-01-10,184,5754,101,4117,83,1637,0,0,109,4675,75,575,109,5250,California
Napa,2021-01-11,881,6635,426,4543,455,2092,0,0,508,4811,374,949,510,5760,California
Napa,2021-01-12,1311,7946,370,4913,941,3033,0,0,996,5492,315,1264,996,6756,California
Napa,2021-01-13,1312,9258,264,5177,1048,4081,0,0,1150,6482,161,1425,1151,7907,California
Napa,2021-01-14,1053,10311,173,5350,880,4961,0,0,935,7301,116,1541,935,8842,California
Napa,2021-01-15,1456,11767,384,5734,1072,6033,0,0,1308,8454,156,1697,1309,10151,California
Napa,2021-01-16,357,12124,134,5868,223,6256,0,0,339,8775,18,1715,339,10490,California
Napa,2021-01-17,341,12465,176,6044,165,6421,0,0,331,9096,10,1725,331,10821,California
Napa,2021-01-18,1081,13546,197,6241,884,7305,0,0,990,9995,91,1816,990,11811,California
Napa,2021-01-19,1010,14556,405,6646,605,7910,0,0,768,10522,241,2057,768,12579,California
Napa,2021-01-20,824,15380,185,6831,639,8549,0,0,642,10984,180,2237,642,13221,California
Napa,2021-01-21,1335,16715,374,7205,961,9510,0,0,1080,11811,254,2491,1081,14302,California
Napa,2021-01-22,1540,18255,412,7617,1128,10638,0,0,1213,12699,326,2817,1214,15516,California
Napa,2021-01-23,398,18653,318,7935,80,10718,0,0,336,12973,62,2879,336,15852,California
Napa,2021-01-24,266,18919,189,8124,77,10795,0,0,208,13123,58,2937,208,16060,California
Napa,2021-01-25,1522,20441,231,8355,1291,12086,0,0,1432,14465,90,3027,1432,17492,California
Napa,2021-01-26,881,21322,285,8640,596,12682,0,0,787,15159,94,3121,788,18280,California
Napa,2021-01-27,627,21949,221,8861,406,13088,0,0,471,15475,156,3277,472,18752,California
Napa,2021-01-28,390,22339,177,9038,213,13301,0,0,198,15483,190,3467,198,18950,California
Napa,2021-01-29,254,22593,65,9103,189,13490,0,0,159,15547,95,3562,159,19109,California
Napa,2021-01-30,804,23397,695,9798,109,13599,0,0,640,16023,164,3726,640,19749,California
Napa,2021-01-31,655,24052,625,10423,30,13629,0,0,629,16626,26,3752,629,20378,California
Napa,2021-02-01,315,24367,110,10533,205,13834,0,0,163,16637,152,3904,163,20541,California
Napa,2021-02-02,603,24970,281,10814,322,14156,0,0,293,16623,307,4211,293,20834,California
Napa,2021-02-03,745,25715,310,11124,435,14591,0,0,431,16741,313,4524,431,21265,California
Napa,2021-02-04,789,26504,373,11497,416,15007,0,0,441,16836,346,4870,441,21706,California
Napa,2021-02-05,712,27216,313,11810,399,15406,0,0,344,16812,368,5238,344,22050,California
Napa,2021-02-06,435,27651,146,11956,289,15695,0,0,330,17037,105,5343,330,22380,California
Napa,2021-02-07,176,27827,163,12119,13,15708,0,0,71,17003,105,5448,71,22451,California
Napa,2021-02-08,836,28663,191,12310,645,16353,0,0,274,16718,559,6007,274,22725,California
Napa,2021-02-09,1078,29741,443,12753,635,16988,0,0,438,16516,640,6647,438,23163,California
Napa,2021-02-10,1720,31461,193,12946,1527,18515,0,0,453,15706,1264,7911,454,23617,California
Napa,2021-02-11,1492,32953,194,13140,1298,19813,0,0,406,15038,1074,8985,406,24023,California
Napa,2021-02-12,2162,35115,839,13979,1323,21136,0,0,722,14323,1437,10422,722,24745,California
Napa,2021-02-13,496,35611,52,14031,444,21580,0,0,312,14451,184,10606,312,25057,California
Napa,2021-02-14,355,35966,89,14120,266,21846,0,0,194,14484,161,10767,194,25251,California
Napa,2021-02-15,873,36839,182,14302,691,22537,0,0,220,14053,651,11418,220,25471,California
Napa,2021-02-16,1288,38127,597,14899,691,23228,0,0,612,13990,675,12093,612,26083,California
Napa,2021-02-17,1050,39177,533,15432,517,23745,0,0,480,13902,568,12661,480,26563,California
Napa,2021-02-18,1897,41074,485,15917,1412,25157,0,0,658,13324,1236,13897,658,27221,California
Napa,2021-02-19,1482,42556,587,16504,895,26052,0,0,676,13195,805,14702,676,27897,California
Napa,2021-02-20,822,43378,596,17100,226,26278,0,0,274,12921,548,15250,274,28171,California
Napa,2021-02-21,798,44176,735,17835,63,26341,0,0,196,12515,602,15852,196,28367,California
Napa,2021-02-22,443,44619,187,18022,256,26597,0,0,138,12348,305,16157,138,28505,California
Napa,2021-02-23,1126,45745,301,18323,825,27422,0,0,308,11838,818,16975,308,28813,California
Napa,2021-02-24,1163,46908,643,18966,520,27942,0,0,574,11826,587,17562,575,29388,California
Napa,2021-02-25,2546,49454,1214,20180,1332,29274,0,0,1834,12949,711,18273,1834,31222,California
Napa,2021-02-26,1500,50954,524,20704,976,30250,0,0,587,12625,911,19184,587,31809,California
Napa,2021-02-27,1118,52072,380,21084,738,30988,0,0,865,13239,251,19435,865,32674,California
Napa,2021-02-28,560,52632,459,21543,101,31089,0,0,461,13603,97,19532,461,33135,California
Napa,2021-03-01,1101,53733,815,22358,286,31375,0,0,832,14167,268,19800,832,33967,California
Napa,2021-03-02,1483,55216,1024,23382,459,31834,0,0,1147,14979,335,20135,1147,35114,California
Napa,2021-03-03,1548,56764,686,24068,862,32696,0,0,1363,16158,184,20319,1363,36477,California
Napa,2021-03-04,1708,58472,783,24851,925,33621,0,0,1470,17393,235,20554,1470,37947,California
Napa,2021-03-05,1890,60362,784,25635,1102,34723,4,4,1474,18457,414,20968,1478,39425,California
Napa,2021-03-06,648,61010,281,25916,336,35059,31,35,535,18912,111,21079,566,39991,California
Napa,2021-03-07,521,61531,319,26235,187,35246,15,50,371,19148,150,21229,386,40377,California
Napa,2021-03-08,706,62237,330,26565,323,35569,53,103,529,19555,175,21404,582,40959,California
Napa,2021-03-09,1633,63870,570,27135,1017,36586,46,149,1201,20373,429,21833,1247,42206,California
Napa,2021-03-10,1476,65346,916,28051,467,37053,93,242,775,20543,697,22530,867,43073,California
Napa,2021-03-11,1844,67190,1049,29100,666,37719,129,371,954,20735,890,23420,1082,44155,California
Napa,2021-03-12,1502,68692,911,30011,495,38214,96,467,799,20928,701,24121,894,45049,California
Napa,2021-03-13,1163,69855,299,30310,840,39054,24,491,827,21445,334,24455,851,45900,California
Napa,2021-03-14,610,70465,328,30638,134,39188,148,639,226,21435,383,24838,373,46273,California
Napa,2021-03-15,948,71413,408,31046,471,39659,69,708,479,21516,467,25305,548,46821,California
Napa,2021-03-16,1837,73250,387,31433,1324,40983,126,834,1377,22564,456,25761,1504,48325,California
Napa,2021-03-17,2493,75743,1848,33281,466,41449,179,1013,1585,23420,908,26669,1764,50089,California
Napa,2021-03-18,2102,77845,916,34197,1176,42625,10,1023,1287,23904,813,27482,1297,51386,California
Napa,2021-03-19,1438,79283,866,35063,544,43169,28,1051,715,23927,720,28202,743,52129,California
Napa,2021-03-20,1005,80288,529,35592,323,43492,153,1204,431,23938,573,28775,584,52713,California
Napa,2021-03-21,701,80989,680,36272,19,43511,2,1206,350,23940,350,29125,352,53065,California
Napa,2021-03-22,1088,82077,913,37185,164,43675,11,1217,476,23819,608,29733,487,53552,California
Napa,2021-03-23,1513,83590,821,38006,675,44350,17,1234,1001,24328,509,30242,1018,54570,California
Napa,2021-03-24,1704,85294,944,38950,752,45102,8,1242,822,24277,881,31123,830,55400,California
Napa,2021-03-25,1628,86922,1049,39999,525,45627,54,1296,746,24197,880,32003,800,56200,California
Napa,2021-03-26,1292,88214,829,40828,457,46084,6,1302,589,24092,700,32703,595,56795,California
Napa,2021-03-27,944,89158,431,41259,486,46570,27,1329,312,23799,632,33335,339,57134,California
Napa,2021-03-28,484,89642,374,41633,103,46673,7,1336,184,23691,299,33634,191,57325,California
Napa,2021-03-29,1187,90829,864,42497,318,46991,5,1341,727,23964,459,34093,732,58057,California
Napa,2021-03-30,2430,93259,927,43424,1499,48490,4,1345,1646,24830,784,34877,1650,59707,California
Napa,2021-03-31,1959,95218,956,44380,934,49424,69,1414,804,24549,1152,36029,871,60578,California
Napa,2021-04-01,1725,96943,828,45208,782,50206,115,1529,476,23896,1244,37273,591,61169,California
Napa,2021-04-02,1829,98772,819,46027,868,51074,142,1671,458,23128,1368,38641,600,61769,California
Napa,2021-04-03,622,99394,360,46387,203,51277,59,1730,208,22980,414,39055,266,62035,California
Napa,2021-04-04,353,99747,144,46531,151,51428,58,1788,124,22934,228,39283,182,62217,California
Napa,2021-04-05,1264,101011,755,47286,291,51719,218,2006,574,23037,689,39972,792,63009,California
Napa,2021-04-06,2213,103224,558,47844,1400,53119,255,2261,523,22128,1687,41659,778,63787,California
Napa,2021-04-07,1714,104938,694,48538,799,53918,221,2482,521,21681,1188,42847,741,64528,California
Napa,2021-04-08,1848,106786,1059,49597,419,54337,370,2852,976,22157,868,43715,1344,65872,California
Napa,2021-04-09,1531,108317,920,50517,310,54647,301,3153,678,22284,851,44566,978,66850,California
Napa,2021-04-10,1028,109345,345,50862,583,55230,100,3253,238,21832,789,45355,337,67187,California
Napa,2021-04-11,384,109729,301,51163,62,55292,21,3274,157,21783,227,45582,178,67365,California
Napa,2021-04-12,784,110513,303,51466,358,55650,123,3397,294,21709,489,46071,415,67780,California
Napa,2021-04-13,2519,113032,840,52306,1679,57329,0,3397,917,21028,1598,47669,917,68697,California
Napa,2021-04-14,2058,115090,975,53281,1083,58412,0,3397,1008,20993,1043,48712,1008,69705,California
Napa,2021-04-15,1603,116693,524,53805,1079,59491,0,3397,862,21119,736,49448,862,70567,California
Napa,2021-04-16,2897,119590,1569,55374,1328,60819,0,3397,2185,22594,710,50158,2185,72752,California
Napa,2021-04-17,1119,120709,266,55640,853,61672,0,3397,823,23121,296,50454,823,73575,California
Napa,2021-04-18,263,120972,171,55811,92,61764,0,3397,118,23095,144,50598,118,73693,California
Napa,2021-04-19,608,121580,339,56150,269,62033,0,3397,266,23020,341,50939,266,73959,California
Napa,2021-04-20,2910,124490,1950,58100,960,62993,0,3397,1974,24060,935,51874,1975,75934,California
Napa,2021-04-21,2823,127313,2067,60167,756,63749,0,3397,1780,24803,1038,52912,1781,77715,California
Napa,2021-04-22,1608,128921,1113,61280,495,64244,0,3397,823,24845,781,53693,823,78538,California
Napa,2021-04-23,1542,130463,1165,62445,375,64619,2,3399,1074,25455,464,54157,1074,79612,California
Napa,2021-04-24,538,131001,313,62758,225,64844,0,3399,284,25486,253,54410,284,79896,California
Napa,2021-04-25,248,131249,191,62949,57,64901,0,3399,129,25497,118,54528,129,80025,California
Napa,2021-04-26,488,131737,256,63205,232,65133,0,3399,251,25514,234,54762,251,80276,California
Napa,2021-04-27,1481,133218,424,63629,1046,66179,11,3410,679,25404,800,55562,690,80966,California
Napa,2021-04-28,846,134064,360,63989,469,66648,17,3427,279,25134,566,56128,296,81262,California
Napa,2021-04-29,508,134572,273,64262,219,66867,16,3443,155,24956,348,56476,170,81432,California
Napa,2021-04-30,379,134951,179,64441,181,67048,19,3462,161,24917,218,56694,179,81611,California
Napa,2021-05-01,242,135193,207,64648,31,67079,4,3466,73,24825,169,56863,77,81688,California
Napa,2021-05-02,166,135359,146,64794,20,67099,0,3466,67,24794,98,56961,67,81755,California
Nevada,2020-12-16,3,3,3,3,0,0,0,0,3,3,0,0,3,3,California
Nevada,2020-12-17,6,9,6,9,0,0,0,0,6,9,0,0,6,9,California
Nevada,2020-12-18,52,61,52,61,0,0,0,0,52,61,0,0,52,61,California
Nevada,2020-12-19,55,116,55,116,0,0,0,0,55,116,0,0,55,116,California
Nevada,2020-12-20,12,128,12,128,0,0,0,0,12,128,0,0,12,128,California
Nevada,2020-12-21,69,197,69,197,0,0,0,0,69,197,0,0,69,197,California
Nevada,2020-12-22,91,288,89,286,2,2,0,0,91,288,0,0,91,288,California
Nevada,2020-12-23,233,521,202,488,31,33,0,0,233,521,0,0,233,521,California
Nevada,2020-12-24,13,534,11,499,2,35,0,0,13,534,0,0,13,534,California
Nevada,2020-12-25,3,537,3,502,0,35,0,0,3,537,0,0,3,537,California
Nevada,2020-12-26,6,543,4,506,2,37,0,0,6,543,0,0,6,543,California
Nevada,2020-12-27,88,631,88,594,0,37,0,0,88,631,0,0,88,631,California
Nevada,2020-12-28,170,801,93,687,77,114,0,0,170,801,0,0,170,801,California
Nevada,2020-12-29,100,901,74,761,26,140,0,0,100,901,0,0,100,901,California
Nevada,2020-12-30,86,987,66,827,20,160,0,0,86,987,0,0,86,987,California
Nevada,2020-12-31,39,1026,9,836,30,190,0,0,39,1026,0,0,39,1026,California
Nevada,2021-01-01,1,1027,0,836,1,191,0,0,1,1027,0,0,1,1027,California
Nevada,2021-01-02,1,1028,1,837,0,191,0,0,1,1028,0,0,1,1028,California
Nevada,2021-01-03,129,1157,126,963,3,194,0,0,129,1157,0,0,129,1157,California
Nevada,2021-01-04,71,1228,47,1010,24,218,0,0,71,1228,0,0,71,1228,California
Nevada,2021-01-05,271,1499,130,1140,141,359,0,0,270,1497,1,1,270,1498,California
Nevada,2021-01-06,91,1590,43,1183,48,407,0,0,83,1572,8,9,83,1581,California
Nevada,2021-01-07,215,1805,43,1226,172,579,0,0,208,1775,6,15,209,1790,California
Nevada,2021-01-08,222,2027,128,1354,94,673,0,0,170,1893,52,67,170,1960,California
Nevada,2021-01-09,64,2091,56,1410,8,681,0,0,16,1861,48,115,16,1976,California
Nevada,2021-01-10,17,2108,9,1419,8,689,0,0,9,1862,8,123,9,1985,California
Nevada,2021-01-11,185,2293,131,1550,54,743,0,0,57,1791,128,251,57,2042,California
Nevada,2021-01-12,597,2890,451,2001,146,889,0,0,531,2256,66,317,531,2573,California
Nevada,2021-01-13,257,3147,146,2147,111,1000,0,0,122,2243,135,452,122,2695,California
Nevada,2021-01-14,238,3385,127,2274,111,1111,0,0,220,2446,17,469,220,2915,California
Nevada,2021-01-15,394,3779,169,2443,225,1336,0,0,296,2644,98,567,296,3211,California
Nevada,2021-01-16,296,4075,15,2458,281,1617,0,0,292,2932,4,571,292,3503,California
Nevada,2021-01-17,35,4110,31,2489,4,1621,0,0,33,2963,2,573,33,3536,California
Nevada,2021-01-18,151,4261,41,2530,110,1731,0,0,141,3094,10,583,141,3677,California
Nevada,2021-01-19,244,4505,85,2615,159,1890,0,0,225,3300,19,602,225,3902,California
Nevada,2021-01-20,258,4763,153,2768,105,1995,0,0,245,3532,13,615,245,4147,California
Nevada,2021-01-21,338,5101,207,2975,131,2126,0,0,325,3844,13,628,325,4472,California
Nevada,2021-01-22,346,5447,209,3184,137,2263,0,0,316,4130,30,658,316,4788,California
Nevada,2021-01-23,177,5624,104,3288,73,2336,0,0,177,4307,0,658,177,4965,California
Nevada,2021-01-24,105,5729,98,3386,7,2343,0,0,66,4334,39,697,66,5031,California
Nevada,2021-01-25,267,5996,137,3523,130,2473,0,0,206,4479,61,758,206,5237,California
Nevada,2021-01-26,401,6397,141,3664,260,2733,0,0,299,4676,102,860,299,5536,California
Nevada,2021-01-27,417,6814,248,3912,169,2902,0,0,393,5045,24,884,393,5929,California
Nevada,2021-01-28,468,7282,318,4230,150,3052,0,0,424,5426,43,927,424,6353,California
Nevada,2021-01-29,602,7884,392,4622,210,3262,0,0,576,5978,25,952,577,6930,California
Nevada,2021-01-30,231,8115,104,4726,127,3389,0,0,228,6203,3,955,228,7158,California
Nevada,2021-01-31,102,8217,86,4812,16,3405,0,0,101,6304,1,956,102,7260,California
Nevada,2021-02-01,290,8507,71,4883,219,3624,0,0,276,6566,14,970,276,7536,California
Nevada,2021-02-02,511,9018,173,5056,338,3962,0,0,323,6701,188,1158,323,7859,California
Nevada,2021-02-03,810,9828,570,5626,240,4202,0,0,758,7408,51,1209,758,8617,California
Nevada,2021-02-04,738,10566,392,6018,346,4548,0,0,488,7647,249,1458,488,9105,California
Nevada,2021-02-05,643,11209,365,6383,278,4826,0,0,453,7912,188,1646,453,9558,California
Nevada,2021-02-06,268,11477,82,6465,186,5012,0,0,241,8126,27,1673,241,9799,California
Nevada,2021-02-07,245,11722,192,6657,53,5065,0,0,191,8263,54,1727,191,9990,California
Nevada,2021-02-08,650,12372,408,7065,242,5307,0,0,552,8717,98,1825,552,10542,California
Nevada,2021-02-09,601,12973,337,7402,264,5571,0,0,463,9042,138,1963,463,11005,California
Nevada,2021-02-10,647,13620,322,7724,325,5896,0,0,418,9232,229,2192,419,11424,California
Nevada,2021-02-11,871,14491,504,8228,367,6263,0,0,541,9444,329,2521,541,11965,California
Nevada,2021-02-12,930,15421,434,8662,496,6759,0,0,612,9740,316,2837,612,12577,California
Nevada,2021-02-13,599,16020,236,8898,363,7122,0,0,390,9926,205,3042,391,12968,California
Nevada,2021-02-14,229,16249,119,9017,110,7232,0,0,201,10099,28,3070,201,13169,California
Nevada,2021-02-15,709,16958,438,9455,271,7503,0,0,535,10460,174,3244,535,13704,California
Nevada,2021-02-16,620,17578,197,9652,423,7926,0,0,451,10743,168,3412,451,14155,California
Nevada,2021-02-17,1186,18764,764,10416,422,8348,0,0,858,11273,328,3740,858,15013,California
Nevada,2021-02-18,1005,19769,547,10963,458,8806,0,0,600,11469,404,4144,600,15613,California
Nevada,2021-02-19,1012,20781,629,11592,383,9189,0,0,652,11762,360,4504,653,16266,California
Nevada,2021-02-20,297,21078,105,11697,192,9381,0,0,173,11812,123,4627,173,16439,California
Nevada,2021-02-21,88,21166,83,11780,5,9386,0,0,8,11741,79,4706,8,16447,California
Nevada,2021-02-22,494,21660,327,12107,167,9553,0,0,346,11940,147,4853,346,16793,California
Nevada,2021-02-23,468,22128,219,12326,249,9802,0,0,206,11887,259,5112,206,16999,California
Nevada,2021-02-24,473,22601,235,12561,238,10040,0,0,248,11912,225,5337,250,17249,California
Nevada,2021-02-25,861,23462,465,13026,396,10436,0,0,431,11915,428,5765,431,17680,California
Nevada,2021-02-26,1234,24696,880,13906,354,10790,0,0,407,11498,824,6589,407,18087,California
Nevada,2021-02-27,352,25048,110,14016,242,11032,0,0,182,11510,170,6759,182,18269,California
Nevada,2021-02-28,265,25313,153,14169,112,11144,0,0,124,11494,140,6899,124,18393,California
Nevada,2021-03-01,816,26129,423,14592,393,11537,0,0,351,11382,463,7362,351,18744,California
Nevada,2021-03-02,706,26835,262,14854,444,11981,0,0,480,11640,222,7584,480,19224,California
Nevada,2021-03-03,964,27799,491,15345,472,12453,1,1,492,11662,471,8055,493,19717,California
Nevada,2021-03-04,1101,28900,614,15959,487,12940,0,1,465,11494,633,8688,465,20182,California
Nevada,2021-03-05,813,29713,456,16415,347,13287,10,11,358,11409,453,9141,368,20550,California
Nevada,2021-03-06,356,30069,119,16534,210,13497,27,38,144,11368,212,9353,171,20721,California
Nevada,2021-03-07,208,30277,109,16643,80,13577,19,57,67,11313,141,9494,86,20807,California
Nevada,2021-03-08,804,31081,538,17181,221,13798,45,102,358,11272,445,9939,404,21211,California
Nevada,2021-03-09,668,31749,318,17499,300,14098,50,152,365,11385,301,10240,414,21625,California
Nevada,2021-03-10,956,32705,603,18102,296,14394,57,209,319,11128,633,10873,376,22001,California
Nevada,2021-03-11,1095,33800,718,18820,352,14746,25,234,542,11150,545,11418,567,22568,California
Nevada,2021-03-12,1188,34988,721,19541,437,15183,30,264,503,10999,683,12101,532,23100,California
Nevada,2021-03-13,266,35254,52,19593,209,15392,5,269,95,10928,170,12271,99,23199,California
Nevada,2021-03-14,155,35409,21,19614,128,15520,6,275,33,10845,122,12393,39,23238,California
Nevada,2021-03-15,837,36246,454,20068,371,15891,12,287,354,10731,480,12873,366,23604,California
Nevada,2021-03-16,993,37239,465,20533,467,16358,61,348,646,11092,346,13219,707,24311,California
Nevada,2021-03-17,1013,38252,449,20982,554,16912,10,358,583,11258,427,13646,593,24904,California
Nevada,2021-03-18,968,39220,525,21507,420,17332,23,381,475,11267,489,14135,498,25402,California
Nevada,2021-03-19,751,39971,437,21944,282,17614,32,413,352,11255,396,14531,384,25786,California
Nevada,2021-03-20,822,40793,92,22036,306,17920,424,837,234,11328,582,15113,655,26441,California
Nevada,2021-03-21,57,40850,31,22067,25,17945,1,838,39,11351,17,15130,40,26481,California
Nevada,2021-03-22,795,41645,513,22580,277,18222,5,843,538,11639,255,15385,543,27024,California
Nevada,2021-03-23,852,42497,383,22963,443,18665,26,869,641,12098,208,15593,667,27691,California
Nevada,2021-03-24,1015,43512,539,23502,469,19134,7,876,649,12391,362,15955,655,28346,California
Nevada,2021-03-25,899,44411,451,23953,423,19557,25,901,495,12507,403,16358,519,28865,California
Nevada,2021-03-26,1137,45548,432,24385,668,20225,37,938,827,13063,307,16665,863,29728,California
Nevada,2021-03-27,566,46114,70,24455,480,20705,16,954,385,13283,181,16846,401,30129,California
Nevada,2021-03-28,174,46288,50,24505,111,20816,13,967,39,13202,133,16979,52,30181,California
Nevada,2021-03-29,821,47109,501,25006,298,21114,22,989,394,13193,424,17403,415,30596,California
Nevada,2021-03-30,1043,48152,475,25481,534,21648,34,1023,542,13276,493,17896,576,31172,California
Nevada,2021-03-31,1171,49323,659,26140,495,22143,17,1040,696,13522,466,18362,712,31884,California
Nevada,2021-04-01,1222,50545,713,26853,456,22599,53,1093,542,13442,675,19037,595,32479,California
Nevada,2021-04-02,1278,51823,654,27507,588,23187,36,1129,761,13725,514,19551,797,33276,California
Nevada,2021-04-03,287,52110,89,27596,160,23347,38,1167,83,13643,203,19754,121,33397,California
Nevada,2021-04-04,128,52238,42,27638,79,23426,7,1174,79,13680,49,19803,86,33483,California
Nevada,2021-04-05,933,53171,612,28250,302,23728,19,1193,621,14012,308,20111,640,34123,California
Nevada,2021-04-06,1066,54237,661,28911,262,23990,143,1336,469,14033,591,20702,612,34735,California
Nevada,2021-04-07,1134,55371,807,29718,245,24235,82,1418,599,14185,528,21230,680,35415,California
Nevada,2021-04-08,1271,56642,890,30608,298,24533,83,1501,705,14410,563,21793,788,36203,California
Nevada,2021-04-09,1235,57877,845,31453,321,24854,69,1570,839,14922,396,22189,908,37111,California
Nevada,2021-04-10,263,58140,81,31534,106,24960,76,1646,115,14966,147,22336,191,37302,California
Nevada,2021-04-11,100,58240,31,31565,65,25025,4,1650,39,14948,61,22397,43,37345,California
Nevada,2021-04-12,734,58974,537,32102,180,25205,17,1667,312,14858,419,22816,329,37674,California
Nevada,2021-04-13,875,59849,349,32451,526,25731,0,1667,467,14919,406,23222,467,38141,California
Nevada,2021-04-14,1048,60897,564,33015,484,26215,0,1667,538,14955,502,23724,538,38679,California
Nevada,2021-04-15,1058,61955,702,33717,356,26571,0,1667,615,15137,433,24157,615,39294,California
Nevada,2021-04-16,897,62852,696,34413,201,26772,0,1667,529,15299,367,24524,529,39823,California
Nevada,2021-04-17,194,63046,52,34465,142,26914,0,1667,84,15274,109,24633,84,39907,California
Nevada,2021-04-18,181,63227,17,34482,164,27078,0,1667,101,15295,80,24713,101,40008,California
Nevada,2021-04-19,750,63977,481,34963,269,27347,0,1667,304,15161,438,25151,304,40312,California
Nevada,2021-04-20,795,64772,307,35270,488,27835,0,1667,298,14967,492,25643,298,40610,California
Nevada,2021-04-21,897,65669,490,35760,407,28242,0,1667,266,14609,624,26267,266,40876,California
Nevada,2021-04-22,989,66658,616,36376,373,28615,0,1667,339,14309,639,26906,339,41215,California
Nevada,2021-04-23,1215,67873,538,36914,677,29292,0,1667,396,13896,809,27715,396,41611,California
Nevada,2021-04-24,519,68392,73,36987,446,29738,0,1667,169,13716,349,28064,169,41780,California
Nevada,2021-04-25,115,68507,60,37047,50,29788,5,1672,50,13707,64,28128,55,41835,California
Nevada,2021-04-26,697,69204,527,37574,162,29950,8,1680,196,13419,492,28620,204,42039,California
Nevada,2021-04-27,757,69961,345,37919,408,30358,4,1684,394,13462,355,28975,398,42437,California
Nevada,2021-04-28,885,70846,524,38443,356,30714,5,1689,348,13283,532,29507,353,42790,California
Nevada,2021-04-29,854,71700,591,39034,257,30971,6,1695,213,12862,640,30147,219,43009,California
Nevada,2021-04-30,998,72698,592,39626,402,31373,4,1699,158,12185,839,30986,162,43171,California
Nevada,2021-05-01,61,72759,11,39637,48,31421,2,1701,29,12184,32,31018,31,43202,California
Nevada,2021-05-02,8,72767,6,39643,2,31423,0,1701,5,12186,3,31021,5,43207,California
Orange,2020-12-15,16,16,16,16,0,0,0,0,16,16,0,0,16,16,California
Orange,2020-12-16,365,381,365,381,0,0,0,0,365,381,0,0,365,381,California
Orange,2020-12-17,3725,4106,3725,4106,0,0,0,0,3724,4105,0,0,3724,4105,California
Orange,2020-12-18,5052,9158,5045,9151,7,7,0,0,5051,9156,0,0,5051,9156,California
Orange,2020-12-19,2230,11388,2223,11374,7,14,0,0,2229,11385,0,0,2229,11385,California
Orange,2020-12-20,1985,13373,1983,13357,2,16,0,0,1986,13371,0,0,1986,13371,California
Orange,2020-12-21,4251,17624,4245,17602,6,22,0,0,4251,17622,0,0,4251,17622,California
Orange,2020-12-22,3982,21606,3947,21549,35,57,0,0,3982,21604,0,0,3982,21604,California
Orange,2020-12-23,3558,25164,3197,24746,361,418,0,0,3560,25164,0,0,3560,25164,California
Orange,2020-12-24,1377,26541,1078,25824,299,717,0,0,1377,26541,0,0,1377,26541,California
Orange,2020-12-25,17,26558,12,25836,5,722,0,0,17,26558,0,0,17,26558,California
Orange,2020-12-26,1022,27580,423,26259,599,1321,0,0,1022,27580,0,0,1022,27580,California
Orange,2020-12-27,582,28162,275,26534,307,1628,0,0,582,28162,0,0,582,28162,California
Orange,2020-12-28,3537,31699,2565,29099,972,2600,0,0,3537,31699,0,0,3537,31699,California
Orange,2020-12-29,3572,35271,2563,31662,1009,3609,0,0,3571,35269,1,1,3571,35270,California
Orange,2020-12-30,5124,40395,3558,35220,1566,5175,0,0,5124,40393,0,1,5124,40394,California
Orange,2020-12-31,1494,41889,798,36018,696,5871,0,0,1494,41887,0,1,1494,41888,California
Orange,2021-01-01,514,42403,275,36293,239,6110,0,0,513,42399,1,2,513,42401,California
Orange,2021-01-02,1404,43807,895,37188,509,6619,0,0,1404,43803,0,2,1404,43805,California
Orange,2021-01-03,577,44384,319,37507,258,6877,0,0,577,44380,0,2,577,44382,California
Orange,2021-01-04,2732,47116,1558,39065,1174,8051,0,0,2733,47112,1,3,2733,47115,California
Orange,2021-01-05,3518,50634,2293,41358,1225,9276,0,0,3111,49823,403,406,3114,50229,California
Orange,2021-01-06,4988,55622,3464,44822,1524,10800,0,0,3622,52091,1354,1760,3622,53851,California
Orange,2021-01-07,9252,64874,5163,49985,4089,14889,0,0,5684,54224,3555,5315,5688,59539,California
Orange,2021-01-08,9407,74281,5263,55248,4144,19033,0,0,5646,56121,3751,9066,5648,65187,California
Orange,2021-01-09,4997,79278,1739,56987,3258,22291,0,0,3716,58556,1281,10347,3716,68903,California
Orange,2021-01-10,4234,83512,1042,58029,3192,25483,0,0,3354,61035,879,11226,3358,72261,California
Orange,2021-01-11,9438,92950,4900,62929,4538,30021,0,0,5817,63229,3624,14850,5818,78079,California
Orange,2021-01-12,8814,101764,4722,67651,4092,34113,0,0,5350,65118,3462,18312,5351,83430,California
Orange,2021-01-13,10241,112005,4912,72563,5329,39442,0,0,7042,68973,3194,21506,7049,90479,California
Orange,2021-01-14,9962,121967,3774,76337,6188,45630,0,0,8373,75765,1587,23093,8379,98858,California
Orange,2021-01-15,10160,132127,2621,78958,7539,53169,0,0,9286,84175,882,23975,9292,108150,California
Orange,2021-01-16,8707,140834,2097,81055,6610,59779,0,0,8311,92095,396,24371,8316,116466,California
Orange,2021-01-17,8155,148989,1484,82539,6671,66450,0,0,8008,99966,147,24518,8018,124484,California
Orange,2021-01-18,9750,158739,4459,86998,5291,71741,0,0,7508,105232,2244,26762,7510,131994,California
Orange,2021-01-19,7488,166227,5415,92413,2073,73814,0,0,4860,107465,2628,29390,4861,136855,California
Orange,2021-01-20,8286,174513,5826,98239,2460,76274,0,0,5230,109645,3057,32447,5237,142092,California
Orange,2021-01-21,10859,185372,4819,103058,6040,82314,0,0,10060,118917,798,33245,10070,152162,California
Orange,2021-01-22,13601,198973,5087,108145,8514,90828,0,0,12762,130856,831,34076,12770,164932,California
Orange,2021-01-23,13127,212100,6182,114327,6945,97773,0,0,12149,142037,976,35052,12157,177089,California
Orange,2021-01-24,9815,221915,4289,118616,5526,103299,0,0,9489,151206,323,35375,9492,186581,California
Orange,2021-01-25,10431,232346,5854,124470,4577,107876,0,0,7708,156201,2718,38093,7713,194294,California
Orange,2021-01-26,11895,244241,7723,132193,4172,112048,0,0,9731,163775,2160,40253,9734,204028,California
Orange,2021-01-27,13419,257660,8001,140194,5418,117466,0,0,10720,171812,2688,42941,10725,214753,California
Orange,2021-01-28,13022,270682,7198,147392,5824,123290,0,0,11162,181136,1846,44787,11170,225923,California
Orange,2021-01-29,13600,284282,8415,155807,5185,128475,0,0,10713,188980,2873,47660,10717,236640,California
Orange,2021-01-30,12929,297211,4444,160251,8485,136960,0,0,12193,200455,721,48381,12196,248836,California
Orange,2021-01-31,13719,310930,4946,165197,8773,145733,0,0,13272,213293,442,48823,13280,262116,California
Orange,2021-02-01,14046,324976,5790,170987,8256,153989,0,0,12039,223350,1987,50810,12044,274160,California
Orange,2021-02-02,15415,340391,8369,179356,7046,161035,0,0,12666,233378,2641,53451,12669,286829,California
Orange,2021-02-03,16749,357140,12571,191927,4178,165213,0,0,13732,244176,2939,56390,13737,300566,California
Orange,2021-02-04,19822,376962,12951,204878,6871,172084,0,0,14739,253871,5052,61442,14747,315313,California
Orange,2021-02-05,20743,397705,12009,216887,8734,180818,0,0,14468,262106,6235,67677,14470,329783,California
Orange,2021-02-06,16320,414025,10787,227674,5533,186351,0,0,11066,268151,5239,72916,11284,341067,California
Orange,2021-02-07,11523,425548,8102,235776,3421,189772,0,0,7548,271908,3960,76876,7717,348784,California
Orange,2021-02-08,14857,440405,8497,244273,6360,196132,0,0,8836,274754,5991,82867,8837,357621,California
Orange,2021-02-09,17655,458060,12019,256292,5636,201768,0,0,10745,278666,6838,89705,10750,368371,California
Orange,2021-02-10,20901,478961,11182,267474,9719,211487,0,0,12674,283216,8133,97838,12683,381054,California
Orange,2021-02-11,22004,500965,11397,278871,10607,222094,0,0,12385,286126,9493,107331,12403,393457,California
Orange,2021-02-12,24758,525723,11898,290769,12860,234954,0,0,14631,290692,10071,117402,14637,408094,California
Orange,2021-02-13,22015,547738,11914,302683,10101,245055,0,0,11150,291823,10661,128063,11792,419886,California
Orange,2021-02-14,16188,563926,6572,309255,9616,254671,0,0,9550,294760,6614,134677,9551,429437,California
Orange,2021-02-15,17217,581143,7390,316645,9827,264498,0,0,8879,295354,8294,142971,8888,438325,California
Orange,2021-02-16,19916,601059,8976,325621,10940,275438,0,0,10712,296930,9160,152131,10736,449061,California
Orange,2021-02-17,17799,618858,9315,334936,8484,283922,0,0,9163,297533,8591,160722,9194,458255,California
Orange,2021-02-18,14888,633746,9837,344773,5051,288973,0,0,6796,296293,8044,168766,6804,465059,California
Orange,2021-02-19,18169,651915,10882,355655,7287,296260,0,0,6933,292049,11189,179955,6945,472004,California
Orange,2021-02-20,7460,659375,5562,361217,1898,298158,0,0,3748,292116,3691,183646,3758,475762,California
Orange,2021-02-21,4332,663707,3654,364871,678,298836,0,0,782,289382,3516,187162,782,476544,California
Orange,2021-02-22,9618,673325,7848,372719,1770,300606,0,0,3890,287583,5703,192865,3904,480448,California
Orange,2021-02-23,13256,686581,7243,379962,6013,306619,0,0,3489,281373,9709,202574,3499,483947,California
Orange,2021-02-24,21113,707694,12792,392754,8321,314940,0,0,5360,271062,15690,218264,5379,489326,California
Orange,2021-02-25,22602,730296,12240,404994,10362,325302,0,0,7970,264487,14561,232825,7986,497312,California
Orange,2021-02-26,27710,758006,14047,419041,13663,338965,0,0,11173,259264,16420,249245,11197,508509,California
Orange,2021-02-27,24953,782959,10066,429107,14885,353850,2,2,7245,248920,17606,266851,7262,515771,California
Orange,2021-02-28,19021,801980,7362,436469,11659,365509,0,2,4802,239631,14108,280959,4819,520590,California
Orange,2021-03-01,18354,820334,8361,444830,9989,375498,4,6,7089,235544,11192,292151,7105,527695,California
Orange,2021-03-02,18780,839114,8872,453702,9905,385403,3,9,9169,235175,9568,301719,9199,536894,California
Orange,2021-03-03,20338,859452,9491,463193,10844,396247,3,12,10959,236852,9307,311026,10984,547878,California
Orange,2021-03-04,22285,881737,12830,476023,9442,405689,13,25,11575,237791,10675,321701,11614,559492,California
Orange,2021-03-05,20699,902436,10727,486750,9928,415617,44,69,12672,242581,7986,329687,12776,572268,California
Orange,2021-03-06,23878,926314,13109,499859,9905,425522,864,933,12640,244905,11205,340892,13529,585797,California
Orange,2021-03-07,14825,941139,8304,508163,6135,431657,386,1319,8657,247836,6132,347024,9063,594860,California
Orange,2021-03-08,16168,957307,7395,515558,7513,439170,1260,2579,10390,253778,5734,352758,11676,606536,California
Orange,2021-03-09,19699,977006,8569,524127,8700,447870,2430,5009,11302,259154,8359,361117,13735,620271,California
Orange,2021-03-10,23969,1000975,11720,535847,9088,456958,3161,8170,12123,262646,11789,372906,15281,635552,California
Orange,2021-03-11,28848,1029823,15673,551520,9054,466012,4121,12291,13407,264818,15356,388262,17528,653080,California
Orange,2021-03-12,29187,1059010,14215,565735,11137,477149,3835,16126,14662,268892,14446,402708,18520,671600,California
Orange,2021-03-13,27677,1086687,10139,575874,13614,490763,3924,20050,14008,273206,13618,416326,17932,689532,California
Orange,2021-03-14,18766,1105453,8134,584008,8120,498883,2512,22562,11852,280678,6885,423211,14357,703889,California
Orange,2021-03-15,22948,1128401,10098,594106,12093,510976,757,23319,14335,287220,8545,431756,15087,718976,California
Orange,2021-03-16,26288,1154689,11108,605214,14958,525934,222,23541,17111,295462,9099,440855,17341,736317,California
Orange,2021-03-17,27144,1181833,13523,618737,13145,539079,476,24017,19405,307669,7672,448527,19879,756196,California
Orange,2021-03-18,27645,1209478,13885,632622,13488,552567,272,24289,21569,323500,6015,454542,21846,778042,California
Orange,2021-03-19,33324,1242802,18320,650942,14577,567144,427,24716,24848,340413,8372,462914,25285,803327,California
Orange,2021-03-20,25730,1268532,13533,664475,11991,579135,206,24922,22035,359017,3636,466550,22240,825567,California
Orange,2021-03-21,18444,1286976,10653,675128,7064,586199,727,25649,15696,372716,2724,469274,16423,841990,California
Orange,2021-03-22,22644,1309620,11689,686817,10633,596832,322,25971,19165,388803,3408,472682,19495,861485,California
Orange,2021-03-23,25870,1335490,13406,700223,11833,608665,631,26602,20804,405245,4996,477678,21438,882923,California
Orange,2021-03-24,28925,1364415,16112,716335,11917,620582,896,27498,21941,421174,6911,484589,22840,905763,California
Orange,2021-03-25,32138,1396553,17125,733460,14348,634930,665,28163,24161,438100,7900,492489,24826,930589,California
Orange,2021-03-26,34624,1431177,17962,751422,15817,650747,845,29008,24942,454306,9583,502072,25789,956378,California
Orange,2021-03-27,28298,1459475,13534,764956,14451,665198,313,29321,19768,465945,8444,510516,20083,976461,California
Orange,2021-03-28,24674,1484149,12759,777715,11848,677046,67,29388,18613,478629,6000,516516,18684,995145,California
Orange,2021-03-29,26336,1510485,12039,789754,13748,690794,549,29937,17907,488728,8357,524873,18456,1013601,California
Orange,2021-03-30,30419,1540904,13785,803539,16251,707045,383,30320,21275,501307,9080,533953,21659,1035260,California
Orange,2021-03-31,36753,1577657,19305,822844,16856,723901,592,30912,24001,513245,12659,546612,24597,1059857,California
Orange,2021-04-01,39765,1617422,20990,843834,17233,741134,1542,32454,26006,527121,13666,560278,27542,1087399,California
Orange,2021-04-02,39578,1657000,19979,863813,17906,759040,1693,34147,22517,534364,16974,577252,24217,1111616,California
Orange,2021-04-03,29767,1686767,15603,879416,12550,771590,1614,35761,14158,534592,15542,592794,15770,1127386,California
Orange,2021-04-04,18214,1704981,10627,890043,6899,778489,688,36449,8154,533417,10014,602808,8839,1136225,California
Orange,2021-04-05,29659,1734640,13904,903947,12471,790960,3284,39733,13817,534729,15779,618587,17091,1153316,California
Orange,2021-04-06,33051,1767691,15504,919451,14235,805195,3312,43045,14334,533729,18633,637220,17633,1170949,California
Orange,2021-04-07,35670,1803361,19955,939406,11267,816462,4448,47493,15769,534091,19832,657052,20194,1191143,California
Orange,2021-04-08,38354,1841715,21390,960796,11625,828087,5339,52832,18738,538615,19527,676579,24051,1215194,California
Orange,2021-04-09,40264,1881979,23489,984285,11731,839818,5044,57876,17845,539151,22337,698916,22873,1238067,California
Orange,2021-04-10,33915,1915894,17984,1002269,11794,851612,4137,62013,14092,537616,19745,718661,18210,1256277,California
Orange,2021-04-11,25327,1941221,14271,1016540,7822,859434,3234,65247,9714,534986,15568,734229,12938,1269215,California
Orange,2021-04-12,30140,1971361,15277,1031817,11396,870830,3467,68714,11855,532060,18234,752463,15308,1284523,California
Orange,2021-04-13,32181,2003542,18091,1049908,14028,884858,62,68776,15019,530037,17102,769565,15079,1299602,California
Orange,2021-04-14,34081,2037623,19888,1069796,14163,899021,30,68806,14977,526023,19023,788588,15009,1314611,California
Orange,2021-04-15,39523,2077146,24079,1093875,15433,914454,11,68817,18297,523202,21131,809719,18310,1332921,California
Orange,2021-04-16,40862,2118008,23958,1117833,16879,931333,25,68842,18399,519256,22376,832095,18430,1351351,California
Orange,2021-04-17,29666,2147674,17241,1135074,12422,943755,3,68845,12801,515266,16798,848893,12808,1364159,California
Orange,2021-04-18,21329,2169003,12890,1147964,8438,952193,1,68846,8445,510877,12838,861731,8449,1372608,California
Orange,2021-04-19,32274,2201277,17772,1165736,14500,966693,2,68848,14828,508339,17371,879102,14833,1387441,California
Orange,2021-04-20,34978,2236255,18135,1183871,16840,983533,3,68851,17485,508403,17423,896525,17487,1404928,California
Orange,2021-04-21,40023,2276278,22874,1206745,17139,1000672,10,68861,18769,506009,21173,917698,18779,1423707,California
Orange,2021-04-22,39014,2315292,20600,1227345,18408,1019080,6,68867,16256,499630,22649,940347,16270,1439977,California
Orange,2021-04-23,39633,2354925,20348,1247693,19279,1038359,6,68873,17532,495167,22003,962350,17540,1457517,California
Orange,2021-04-24,31756,2386681,16624,1264317,15097,1053456,35,68908,13375,490268,18311,980661,13412,1470929,California
Orange,2021-04-25,22888,2409569,12897,1277214,9978,1063434,13,68921,9826,487101,13011,993672,9844,1480773,California
Orange,2021-04-26,25141,2434710,11971,1289185,12999,1076433,171,69092,11000,484211,14062,1007734,11172,1491945,California
Orange,2021-04-27,27610,2462320,12553,1301738,14573,1091006,484,69576,10507,478244,16964,1024698,10997,1502942,California
Orange,2021-04-28,29473,2491793,14640,1316378,14022,1105028,811,70387,11513,472703,17863,1042561,12322,1515264,California
Orange,2021-04-29,23722,2515515,12090,1328468,10775,1115803,857,71244,8428,466751,15234,1057795,9282,1524546,California
Orange,2021-04-30,17950,2533465,9794,1338262,7703,1123506,453,71697,8045,465393,9855,1067650,8497,1533043,California
Orange,2021-05-01,12320,2545785,8839,1347101,2938,1126444,543,72240,5886,465416,6405,1074055,6428,1539471,California
Orange,2021-05-02,8206,2553991,6326,1353427,1582,1128026,298,72538,3539,464607,4645,1078700,3836,1543307,California
Placer,2020-12-15,29,29,29,29,0,0,0,0,29,29,0,0,29,29,California
Placer,2020-12-16,54,83,54,83,0,0,0,0,54,83,0,0,54,83,California
Placer,2020-12-17,139,222,139,222,0,0,0,0,139,222,0,0,139,222,California
Placer,2020-12-18,331,553,331,553,0,0,0,0,331,553,0,0,331,553,California
Placer,2020-12-19,251,804,251,804,0,0,0,0,251,804,0,0,251,804,California
Placer,2020-12-20,234,1038,234,1038,0,0,0,0,234,1038,0,0,234,1038,California
Placer,2020-12-21,492,1530,491,1529,1,1,0,0,492,1530,0,0,492,1530,California
Placer,2020-12-22,675,2205,668,2197,7,8,0,0,675,2205,0,0,675,2205,California
Placer,2020-12-23,745,2950,659,2856,86,94,0,0,745,2950,0,0,745,2950,California
Placer,2020-12-24,398,3348,346,3202,52,146,0,0,398,3348,0,0,398,3348,California
Placer,2020-12-26,156,3504,111,3313,45,191,0,0,156,3504,0,0,156,3504,California
Placer,2020-12-27,186,3690,163,3476,23,214,0,0,186,3690,0,0,186,3690,California
Placer,2020-12-28,663,4353,536,4012,127,341,0,0,663,4353,0,0,663,4353,California
Placer,2020-12-29,761,5114,513,4525,248,589,0,0,761,5114,0,0,761,5114,California
Placer,2020-12-30,728,5842,454,4979,274,863,0,0,726,5840,0,0,726,5840,California
Placer,2020-12-31,529,6371,343,5322,186,1049,0,0,529,6369,0,0,529,6369,California
Placer,2021-01-01,15,6386,11,5333,4,1053,0,0,15,6384,0,0,15,6384,California
Placer,2021-01-02,184,6570,152,5485,32,1085,0,0,184,6568,0,0,184,6568,California
Placer,2021-01-03,154,6724,79,5564,75,1160,0,0,154,6722,0,0,154,6722,California
Placer,2021-01-04,618,7342,179,5743,439,1599,0,0,618,7340,0,0,618,7340,California
Placer,2021-01-05,725,8067,159,5902,566,2165,0,0,642,7901,82,82,643,7983,California
Placer,2021-01-06,760,8827,244,6146,516,2681,0,0,618,8377,142,224,618,8601,California
Placer,2021-01-07,985,9812,368,6514,617,3298,0,0,780,8952,205,429,780,9381,California
Placer,2021-01-08,1182,10994,528,7042,654,3952,0,0,855,9483,324,753,855,10236,California
Placer,2021-01-09,449,11443,321,7363,128,4080,0,0,233,9501,215,968,233,10469,California
Placer,2021-01-10,329,11772,186,7549,143,4223,0,0,164,9500,165,1133,164,10633,California
Placer,2021-01-11,1424,13196,806,8355,618,4841,0,0,836,9749,588,1721,837,11470,California
Placer,2021-01-12,1648,14844,876,9231,772,5613,0,0,1046,10193,602,2323,1046,12516,California
Placer,2021-01-13,1632,16476,819,10050,813,6426,0,0,1210,10986,420,2743,1213,13729,California
Placer,2021-01-14,1769,18245,652,10702,1117,7543,0,0,1414,12049,352,3095,1415,15144,California
Placer,2021-01-15,1933,20178,722,11424,1211,8754,0,0,1583,13284,349,3444,1584,16728,California
Placer,2021-01-16,1470,21648,719,12143,751,9505,0,0,1349,14513,121,3565,1350,18078,California
Placer,2021-01-17,564,22212,398,12541,166,9671,0,0,432,14813,132,3697,432,18510,California
Placer,2021-01-18,977,23189,539,13080,438,10109,0,0,748,15333,229,3926,749,19259,California
Placer,2021-01-19,2607,25796,1946,15026,661,10770,0,0,2157,17040,450,4376,2157,21416,California
Placer,2021-01-20,2261,28057,1695,16721,566,11336,0,0,1933,18646,328,4704,1934,23350,California
Placer,2021-01-21,2553,30610,1112,17833,1441,12777,0,0,2160,20415,392,5096,2161,25511,California
Placer,2021-01-22,2302,32912,593,18426,1709,14486,0,0,2127,22370,173,5269,2128,27639,California
Placer,2021-01-23,1189,34101,380,18806,809,15295,0,0,1034,23249,155,5424,1034,28673,California
Placer,2021-01-24,507,34608,265,19071,242,15537,0,0,431,23605,76,5500,432,29105,California
Placer,2021-01-25,1671,36279,803,19874,868,16405,0,0,1384,24703,287,5787,1385,30490,California
Placer,2021-01-26,1851,38130,1027,20901,824,17229,0,0,1587,26026,264,6051,1587,32077,California
Placer,2021-01-27,1839,39969,1152,22053,687,17916,0,0,1596,27382,241,6292,1597,33674,California
Placer,2021-01-28,1805,41774,1115,23168,690,18606,0,0,1557,28693,246,6538,1557,35231,California
Placer,2021-01-29,1892,43666,1171,24339,721,19327,0,0,1700,30204,191,6729,1702,36933,California
Placer,2021-01-30,1725,45391,971,25310,754,20081,0,0,1604,31688,120,6849,1604,38537,California
Placer,2021-01-31,780,46171,624,25934,156,20237,0,0,712,32333,68,6917,713,39250,California
Placer,2021-02-01,2070,48241,1089,27023,981,21218,0,0,1756,33775,314,7231,1756,41006,California
Placer,2021-02-02,2373,50614,1539,28562,834,22052,0,0,1883,35171,487,7718,1883,42889,California
Placer,2021-02-03,2918,53532,1875,30437,1043,23095,0,0,2294,36845,620,8338,2294,45183,California
Placer,2021-02-04,2757,56289,1186,31623,1571,24666,0,0,1934,37961,819,9157,1935,47118,California
Placer,2021-02-05,2729,59018,1204,32827,1525,26191,0,0,1402,38042,1322,10479,1403,48521,California
Placer,2021-02-06,1946,60964,1308,34135,638,26829,0,0,1397,38890,549,11028,1397,49918,California
Placer,2021-02-07,1221,62185,910,35045,311,27140,0,0,937,39544,283,11311,937,50855,California
Placer,2021-02-08,3301,65486,1767,36812,1534,28674,0,0,1976,40204,1317,12628,1977,52832,California
Placer,2021-02-09,3546,69032,2175,38987,1371,30045,0,0,1643,39946,1901,14529,1643,54475,California
Placer,2021-02-10,3745,72777,2189,41176,1556,31601,0,0,1742,39690,2000,16529,1744,56219,California
Placer,2021-02-11,3683,76460,1904,43080,1779,33380,0,0,1585,39191,2085,18614,1586,57805,California
Placer,2021-02-12,2838,79298,1319,44399,1519,34899,0,0,1665,39718,1139,19753,1666,59471,California
Placer,2021-02-13,2533,81831,1484,45883,1049,35948,0,0,1882,40949,651,20404,1882,61353,California
Placer,2021-02-14,1079,82910,674,46557,405,36353,0,0,737,41347,339,20743,737,62090,California
Placer,2021-02-15,2239,85149,1043,47600,1196,37549,0,0,1531,42170,709,21452,1532,63622,California
Placer,2021-02-16,3570,88719,1779,49379,1791,39340,0,0,1586,41782,1975,23427,1587,65209,California
Placer,2021-02-17,3540,92259,1960,51339,1580,40920,0,0,1510,41266,2026,25453,1510,66719,California
Placer,2021-02-18,3792,96051,2045,53384,1747,42667,0,0,1625,40734,2158,27611,1626,68345,California
Placer,2021-02-19,3585,99636,1910,55294,1675,44342,0,0,1328,39810,2253,29864,1329,69674,California
Placer,2021-02-20,1974,101610,1232,56526,742,45084,0,0,890,39625,1078,30942,893,70567,California
Placer,2021-02-21,971,102581,729,57255,242,45326,0,0,280,39218,688,31630,281,70848,California
Placer,2021-02-22,2522,105103,1774,59029,748,46074,0,0,604,37905,1917,33547,604,71452,California
Placer,2021-02-23,2541,107644,1571,60600,970,47044,0,0,879,37123,1661,35208,879,72331,California
Placer,2021-02-24,3281,110925,1173,61773,2108,49152,0,0,1786,37426,1485,36693,1788,74119,California
Placer,2021-02-25,3528,114453,1421,63194,2107,51259,0,0,1875,37657,1645,38338,1876,75995,California
Placer,2021-02-26,4094,118547,2373,65567,1721,52980,0,0,2352,38271,1738,40076,2352,78347,California
Placer,2021-02-27,2817,121364,1492,67059,1325,54305,0,0,1452,38367,1359,41435,1455,79802,California
Placer,2021-02-28,1397,122761,793,67852,604,54909,0,0,587,38150,804,42239,587,80389,California
Placer,2021-03-01,2990,125751,1983,69835,1007,55916,0,0,1542,38249,1443,43682,1542,81931,California
Placer,2021-03-02,2867,128618,1760,71595,1107,57023,0,0,1876,39139,986,44668,1876,83807,California
Placer,2021-03-03,3321,131939,1422,73017,1899,58922,0,0,1816,39457,1499,46167,1817,85624,California
Placer,2021-03-04,3624,135563,1451,74468,2173,61095,0,0,1893,39632,1719,47886,1894,87518,California
Placer,2021-03-05,3003,138566,1027,75495,1954,63049,22,22,1804,40261,1197,49083,1826,89344,California
Placer,2021-03-06,2405,140971,1481,76976,828,63877,96,118,923,39805,1475,50558,1019,90363,California
Placer,2021-03-07,1297,142268,752,77728,507,64384,38,156,530,39609,764,51322,568,90931,California
Placer,2021-03-08,2907,145175,1827,79555,967,65351,113,269,1650,40117,1255,52577,1763,92694,California
Placer,2021-03-09,3166,148341,1678,81233,1397,66748,91,360,1814,40673,1349,53926,1905,94599,California
Placer,2021-03-10,3276,151617,1318,82551,1851,68599,107,467,1705,40919,1566,55492,1812,96411,California
Placer,2021-03-11,3576,155193,1589,84140,1863,70462,124,591,1725,40928,1843,57335,1852,98263,California
Placer,2021-03-12,3670,158863,1483,85623,1406,71868,781,1372,1249,40545,2414,59749,2031,100294,California
Placer,2021-03-13,2104,160967,738,86361,1248,73116,118,1490,1129,40821,972,60721,1248,101542,California
Placer,2021-03-14,1638,162605,672,87033,817,73933,149,1639,891,41114,747,61468,1040,102582,California
Placer,2021-03-15,3173,165778,1527,88560,1515,75448,131,1770,1759,41592,1413,62881,1891,104473,California
Placer,2021-03-16,3556,169334,1914,90474,1509,76957,133,1903,2282,42745,1263,64144,2416,106889,California
Placer,2021-03-17,3411,172745,1726,92200,1586,78543,99,2002,2201,43839,1208,65352,2302,109191,California
Placer,2021-03-18,3961,176706,2196,94396,1727,80270,38,2040,2823,45568,1131,66483,2860,112051,California
Placer,2021-03-19,3426,180132,2061,96457,1101,81371,264,2304,2184,46780,1235,67718,2447,114498,California
Placer,2021-03-20,2136,182268,895,97352,1144,82515,97,2401,1302,47348,830,68548,1398,115896,California
Placer,2021-03-21,1251,183519,573,97925,669,83184,9,2410,943,47995,305,68853,952,116848,California
Placer,2021-03-22,3264,186783,2099,100024,1078,84262,87,2497,2192,49207,1068,69921,2280,119128,California
Placer,2021-03-23,3520,190303,2092,102116,1337,85599,91,2588,2520,50824,995,70916,2612,121740,California
Placer,2021-03-24,3785,194088,1996,104112,1693,87292,96,2684,1950,51057,1813,72729,2046,123786,California
Placer,2021-03-25,3772,197860,1793,105905,1882,89174,97,2781,1725,50840,2038,74767,1821,125607,California
Placer,2021-03-26,3753,201613,1657,107562,1864,91038,232,3013,1580,50492,2160,76927,1812,127419,California
Placer,2021-03-27,1595,203208,468,108030,1107,92145,20,3033,652,50228,936,77863,672,128091,California
Placer,2021-03-28,1102,204310,527,108557,565,92710,10,3043,373,49887,724,78587,383,128474,California
Placer,2021-03-29,3554,207864,1986,110543,1534,94244,34,3077,1725,49827,1820,80407,1760,130234,California
Placer,2021-03-30,3978,211842,2102,112645,1832,96076,44,3121,2097,50100,1867,82274,2140,132374,California
Placer,2021-03-31,4079,215921,1830,114475,2175,98251,74,3195,1684,49469,2388,84662,1757,134131,California
Placer,2021-04-01,2897,218818,1361,115836,1490,99741,46,3241,1601,49821,1295,85957,1647,135778,California
Placer,2021-04-02,2830,221648,1445,117281,1321,101062,64,3305,1586,50233,1237,87194,1649,137427,California
Placer,2021-04-03,1852,223500,983,118264,741,101803,128,3433,890,50295,956,88150,1018,138445,California
Placer,2021-04-04,709,224209,361,118625,295,102098,53,3486,286,50213,421,88571,339,138784,California
Placer,2021-04-05,2983,227192,1888,120513,913,103011,182,3668,1738,50892,1241,89812,1920,140704,California
Placer,2021-04-06,4271,231463,2472,122985,1500,104511,299,3967,1523,49971,2743,92555,1822,142526,California
Placer,2021-04-07,4492,235955,2560,125545,1471,105982,461,4428,2052,50046,2435,94990,2510,145036,California
Placer,2021-04-08,4682,240637,2593,128138,1545,107527,544,4972,1572,49063,3099,98089,2116,147152,California
Placer,2021-04-09,4074,244711,2245,130383,1215,108742,614,5586,1213,48040,2852,100941,1829,148981,California
Placer,2021-04-10,1979,246690,852,131235,947,109689,180,5766,846,47935,1130,102071,1025,150006,California
Placer,2021-04-11,1322,248012,502,131737,787,110476,33,5799,426,47501,892,102963,458,150464,California
Placer,2021-04-12,4102,252114,2652,134389,1070,111546,380,6179,2468,48724,1624,104587,2847,153311,California
Placer,2021-04-13,4331,256445,2985,137374,1345,112891,1,6180,2182,48762,2145,106732,2183,155494,California
Placer,2021-04-14,4062,260507,2507,139881,1554,114445,1,6181,1795,48299,2258,108990,1795,157289,California
Placer,2021-04-15,4393,264900,2423,142304,1969,116414,1,6182,2281,48479,2102,111092,2282,159571,California
Placer,2021-04-16,3656,268556,2171,144475,1485,117899,0,6182,1428,47685,2222,113314,1428,160999,California
Placer,2021-04-17,2340,270896,794,145269,1546,119445,0,6182,1453,48254,884,114198,1453,162452,California
Placer,2021-04-18,1156,272052,233,145502,923,120368,0,6182,404,47908,750,114948,404,162856,California
Placer,2021-04-19,2906,274958,1777,147279,1129,121497,0,6182,1145,47296,1758,116706,1146,164002,California
Placer,2021-04-20,3767,278725,2444,149723,1323,122820,0,6182,2400,48337,1359,118065,2400,166402,California
Placer,2021-04-21,3647,282372,2390,152113,1256,124076,1,6183,2377,49449,1266,119331,2378,168780,California
Placer,2021-04-22,3533,285905,2141,154254,1392,125468,0,6183,1732,49383,1798,121129,1732,170512,California
Placer,2021-04-23,3479,289384,2308,156562,1170,126638,1,6184,1361,48635,2110,123239,1362,171874,California
Placer,2021-04-24,2065,291449,1248,157810,817,127455,0,6184,1210,48996,849,124088,1210,173084,California
Placer,2021-04-25,899,292348,496,158306,403,127858,0,6184,555,49207,344,124432,555,173639,California
Placer,2021-04-26,2189,294537,1199,159505,968,128826,22,6206,1091,49230,1089,125521,1112,174751,California
Placer,2021-04-27,2485,297022,1305,160810,1145,129971,35,6241,1468,49722,1012,126533,1504,176255,California
Placer,2021-04-28,2693,299715,1676,162486,980,130951,37,6278,1397,49867,1289,127822,1434,177689,California
Placer,2021-04-29,2629,302344,1665,164151,910,131861,54,6332,1002,49300,1623,129445,1056,178745,California
Placer,2021-04-30,1980,304324,1367,165518,597,132458,16,6348,717,48771,1262,130707,733,179478,California
Placer,2021-05-01,793,305117,569,166087,219,132677,5,6353,351,48687,440,131147,356,179834,California
Placer,2021-05-02,350,305467,272,166359,78,132755,0,6353,188,48714,161,131308,188,180022,California
Plumas,2020-12-18,4,4,4,4,0,0,0,0,4,4,0,0,4,4,California
Plumas,2020-12-19,1,5,1,5,0,0,0,0,1,5,0,0,1,5,California
Plumas,2020-12-21,45,50,45,50,0,0,0,0,45,50,0,0,45,50,California
Plumas,2020-12-22,92,142,92,142,0,0,0,0,92,142,0,0,92,142,California
Plumas,2020-12-23,50,192,50,192,0,0,0,0,50,192,0,0,50,192,California
Plumas,2020-12-24,6,198,6,198,0,0,0,0,6,198,0,0,6,198,California
Plumas,2020-12-28,8,206,0,198,8,8,0,0,8,206,0,0,8,206,California
Plumas,2020-12-29,32,238,22,220,10,18,0,0,32,238,0,0,32,238,California
Plumas,2020-12-30,22,260,1,221,21,39,0,0,22,260,0,0,22,260,California
Plumas,2020-12-31,4,264,1,222,3,42,0,0,4,264,0,0,4,264,California
Plumas,2021-01-04,10,274,4,226,6,48,0,0,10,274,0,0,10,274,California
Plumas,2021-01-05,22,296,2,228,20,68,0,0,22,296,0,0,22,296,California
Plumas,2021-01-06,124,420,5,233,119,187,0,0,124,420,0,0,124,420,California
Plumas,2021-01-07,53,473,2,235,51,238,0,0,52,471,1,1,52,472,California
Plumas,2021-01-08,12,485,5,240,7,245,0,0,8,475,4,5,8,480,California
Plumas,2021-01-09,2,487,2,242,0,245,0,0,1,475,1,6,1,481,California
Plumas,2021-01-11,59,546,50,292,9,254,0,0,12,440,47,53,12,493,California
Plumas,2021-01-12,155,701,86,378,69,323,0,0,71,427,84,137,71,564,California
Plumas,2021-01-13,56,757,50,428,6,329,0,0,10,391,46,183,10,574,California
Plumas,2021-01-14,96,853,14,442,82,411,0,0,91,477,5,188,91,665,California
Plumas,2021-01-15,62,915,7,449,55,466,0,0,60,535,2,190,60,725,California
Plumas,2021-01-16,58,973,1,450,57,523,0,0,58,593,0,190,58,783,California
Plumas,2021-01-18,2,975,1,451,1,524,0,0,2,595,0,190,2,785,California
Plumas,2021-01-19,36,1011,5,456,31,555,0,0,32,623,4,194,32,817,California
Plumas,2021-01-20,121,1132,3,459,118,673,0,0,119,740,2,196,119,936,California
Plumas,2021-01-21,113,1245,2,461,111,784,0,0,113,853,0,196,113,1049,California
Plumas,2021-01-22,5,1250,1,462,4,788,0,0,5,858,0,196,5,1054,California
Plumas,2021-01-23,92,1342,1,463,91,879,0,0,92,950,0,196,92,1146,California
Plumas,2021-01-24,1,1343,1,464,0,879,0,0,1,951,0,196,1,1147,California
Plumas,2021-01-25,10,1353,7,471,3,882,0,0,7,955,3,199,7,1154,California
Plumas,2021-01-26,60,1413,2,473,58,940,0,0,52,999,8,207,52,1206,California
Plumas,2021-01-27,25,1438,20,493,5,945,0,0,5,984,20,227,5,1211,California
Plumas,2021-01-28,23,1461,0,493,23,968,0,0,21,1003,2,229,21,1232,California
Plumas,2021-01-29,8,1469,2,495,6,974,0,0,7,1009,1,230,7,1239,California
Plumas,2021-01-30,8,1477,4,499,4,978,0,0,7,1015,1,231,7,1246,California
Plumas,2021-01-31,3,1480,3,502,0,978,0,0,3,1018,0,231,3,1249,California
Plumas,2021-02-01,15,1495,2,504,13,991,0,0,7,1017,8,239,7,1256,California
Plumas,2021-02-02,21,1516,2,506,19,1010,0,0,2,1000,19,258,2,1258,California
Plumas,2021-02-03,128,1644,8,514,120,1130,0,0,13,899,114,372,13,1271,California
Plumas,2021-02-04,101,1745,8,522,93,1223,0,0,23,844,78,450,23,1294,California
Plumas,2021-02-05,24,1769,11,533,13,1236,0,0,9,838,15,465,9,1303,California
Plumas,2021-02-06,7,1776,0,533,7,1243,0,0,7,845,0,465,7,1310,California
Plumas,2021-02-08,16,1792,7,540,9,1252,0,0,4,837,12,477,4,1314,California
Plumas,2021-02-09,171,1963,1,541,170,1422,0,0,111,888,60,537,111,1425,California
Plumas,2021-02-10,89,2052,9,550,80,1502,0,0,80,960,9,546,81,1506,California
Plumas,2021-02-11,322,2374,7,557,315,1817,0,0,263,1164,59,605,263,1769,California
Plumas,2021-02-12,122,2496,3,560,119,1936,0,0,118,1278,4,609,118,1887,California
Plumas,2021-02-13,73,2569,4,564,69,2005,0,0,14,1233,59,668,14,1901,California
Plumas,2021-02-14,8,2577,5,569,3,2008,0,0,8,1241,0,668,8,1909,California
Plumas,2021-02-15,27,2604,5,574,22,2030,0,0,24,1262,3,671,24,1933,California
Plumas,2021-02-16,76,2680,4,578,72,2102,0,0,14,1214,62,733,14,1947,California
Plumas,2021-02-17,136,2816,5,583,131,2233,0,0,12,1102,124,857,12,1959,California
Plumas,2021-02-18,128,2944,6,589,122,2355,0,0,19,1012,109,966,19,1978,California
Plumas,2021-02-19,41,2985,4,593,37,2392,0,0,6,983,35,1001,6,1984,California
Plumas,2021-02-20,104,3089,7,600,97,2489,0,0,12,903,92,1093,12,1996,California
Plumas,2021-02-21,5,3094,5,605,0,2489,0,0,1,900,4,1097,1,1997,California
Plumas,2021-02-22,3,3097,1,606,2,2491,0,0,0,897,3,1100,0,1997,California
Plumas,2021-02-23,25,3122,5,611,20,2511,0,0,17,906,8,1108,17,2014,California
Plumas,2021-02-24,456,3578,7,618,449,2960,0,0,443,1336,13,1121,443,2457,California
Plumas,2021-02-25,231,3809,10,628,221,3181,0,0,170,1445,61,1182,170,2627,California
Plumas,2021-02-26,264,4073,8,636,256,3437,0,0,256,1694,8,1190,257,2884,California
Plumas,2021-02-27,40,4113,4,640,36,3473,0,0,33,1720,7,1197,33,2917,California
Plumas,2021-02-28,1,4114,0,640,1,3474,0,0,1,1721,0,1197,1,2918,California
Plumas,2021-03-01,12,4126,3,643,9,3483,0,0,7,1724,4,1201,7,2925,California
Plumas,2021-03-02,8,4134,0,643,8,3491,0,0,6,1728,2,1203,6,2931,California
Plumas,2021-03-03,152,4286,10,653,142,3633,0,0,136,1848,16,1219,136,3067,California
Plumas,2021-03-04,252,4538,9,662,243,3876,0,0,230,2056,22,1241,230,3297,California
Plumas,2021-03-05,400,4938,7,669,388,4264,5,5,389,2439,11,1252,394,3691,California
Plumas,2021-03-06,19,4957,2,671,9,4273,8,13,3,2434,16,1268,11,3702,California
Plumas,2021-03-07,13,4970,2,673,2,4275,9,22,3,2436,10,1278,12,3714,California
Plumas,2021-03-08,29,4999,3,676,2,4277,24,46,3,2437,26,1304,27,3741,California
Plumas,2021-03-09,132,5131,1,677,116,4393,15,61,18,2356,114,1418,33,3774,California
Plumas,2021-03-10,255,5386,3,680,238,4631,14,75,108,2332,146,1564,122,3896,California
Plumas,2021-03-11,181,5567,8,688,168,4799,5,80,146,2448,35,1599,151,4047,California
Plumas,2021-03-12,595,6162,3,691,304,5103,288,368,23,2187,572,2171,311,4358,California
Plumas,2021-03-13,25,6187,4,695,10,5113,11,379,5,2183,20,2191,16,4374,California
Plumas,2021-03-14,12,6199,3,698,4,5117,5,384,1,2179,10,2201,6,4380,California
Plumas,2021-03-15,32,6231,1,699,24,5141,7,391,6,2166,26,2227,13,4393,California
Plumas,2021-03-16,60,6291,3,702,56,5197,1,392,49,2205,11,2238,50,4443,California
Plumas,2021-03-17,73,6364,9,711,63,5260,1,393,58,2250,14,2252,59,4502,California
Plumas,2021-03-18,60,6424,6,717,38,5298,16,409,12,2230,48,2300,28,4530,California
Plumas,2021-03-19,164,6588,6,723,156,5454,2,411,155,2381,7,2307,158,4688,California
Plumas,2021-03-20,693,7281,4,727,688,6142,1,412,673,3037,18,2325,674,5362,California
Plumas,2021-03-21,2,7283,1,728,1,6143,0,412,1,3038,0,2325,1,5363,California
Plumas,2021-03-22,183,7466,2,730,181,6324,0,412,176,3207,7,2332,176,5539,California
Plumas,2021-03-23,27,7493,2,732,25,6349,0,412,13,3206,14,2346,13,5552,California
Plumas,2021-03-24,654,8147,7,739,646,6995,1,413,224,3002,429,2775,225,5777,California
Plumas,2021-03-25,299,8446,7,746,290,7285,2,415,155,3013,144,2919,155,5932,California
Plumas,2021-03-26,312,8758,9,755,303,7588,0,415,46,2794,265,3184,46,5978,California
Plumas,2021-03-27,12,8770,1,756,10,7598,1,416,2,2787,10,3194,3,5981,California
Plumas,2021-03-28,5,8775,3,759,1,7599,1,417,3,2789,2,3196,4,5985,California
Plumas,2021-03-29,12,8787,4,763,7,7606,1,418,4,2786,8,3204,5,5990,California
Plumas,2021-03-30,151,8938,3,766,147,7753,1,419,24,2684,127,3331,25,6015,California
Plumas,2021-03-31,287,9225,2,768,284,8037,1,420,268,2934,19,3350,269,6284,California
Plumas,2021-04-01,294,9519,10,778,283,8320,1,421,58,2758,234,3584,58,6342,California
Plumas,2021-04-02,374,9893,5,783,368,8688,1,422,28,2453,334,3918,29,6371,California
Plumas,2021-04-03,16,9909,3,786,5,8693,8,430,4,2453,12,3930,12,6383,California
Plumas,2021-04-04,3,9912,1,787,1,8694,1,431,0,2451,3,3933,1,6384,California
Plumas,2021-04-05,12,9924,3,790,8,8702,1,432,5,2450,7,3940,6,6390,California
Plumas,2021-04-06,120,10044,6,796,88,8790,26,458,13,2382,107,4047,39,6429,California
Plumas,2021-04-07,280,10324,6,802,99,8889,175,633,27,2331,253,4300,202,6631,California
Plumas,2021-04-08,149,10473,3,805,131,9020,15,648,34,2265,114,4414,48,6679,California
Plumas,2021-04-09,50,10523,9,814,25,9045,16,664,19,2268,31,4445,34,6713,California
Plumas,2021-04-10,23,10546,2,816,5,9050,16,680,4,2269,19,4464,20,6733,California
Plumas,2021-04-11,4,10550,3,819,0,9050,1,681,3,2272,1,4465,4,6737,California
Plumas,2021-04-12,9,10559,4,823,3,9053,2,683,6,2277,3,4468,8,6745,California
Plumas,2021-04-13,206,10765,5,828,201,9254,0,683,138,2347,68,4536,138,6883,California
Plumas,2021-04-14,108,10873,7,835,101,9355,0,683,54,2347,54,4590,54,6937,California
Plumas,2021-04-15,50,10923,2,837,48,9403,0,683,32,2361,18,4608,32,6969,California
Plumas,2021-04-16,144,11067,4,841,140,9543,0,683,4,2225,140,4748,4,6973,California
Plumas,2021-04-17,666,11733,1,842,665,10208,0,683,20,1601,644,5392,20,6993,California
Plumas,2021-04-18,3,11736,2,844,1,10209,0,683,1,1600,2,5394,1,6994,California
Plumas,2021-04-19,38,11774,3,847,35,10244,0,683,5,1572,33,5427,5,6999,California
Plumas,2021-04-20,40,11814,4,851,36,10280,0,683,25,1582,15,5442,25,7024,California
Plumas,2021-04-21,313,12127,5,856,307,10587,1,684,18,1306,294,5736,18,7042,California
Plumas,2021-04-22,270,12397,7,863,263,10850,0,684,130,1296,140,5876,130,7172,California
Plumas,2021-04-23,73,12470,6,869,67,10917,0,684,16,1255,57,5933,16,7188,California
Plumas,2021-04-24,171,12641,5,874,166,11083,0,684,146,1377,24,5957,146,7334,California
Plumas,2021-04-26,27,12668,2,876,25,11108,0,684,8,1367,18,5975,8,7342,California
Plumas,2021-04-27,88,12756,3,879,85,11193,0,684,52,1383,36,6011,52,7394,California
Plumas,2021-04-28,232,12988,3,882,229,11422,0,684,32,1216,199,6210,32,7426,California
Plumas,2021-04-29,144,13132,64,946,79,11501,1,685,104,1281,40,6250,105,7531,California
Plumas,2021-04-30,13,13145,4,950,8,11509,1,686,2,1273,11,6261,3,7534,California
Plumas,2021-05-01,2,13147,0,950,1,11510,1,687,1,1274,1,6262,2,7536,California
Plumas,2021-05-02,1,13148,1,951,0,11510,0,687,1,1275,0,6262,1,7537,California
Riverside,2020-12-15,4,4,4,4,0,0,0,0,4,4,0,0,4,4,California
Riverside,2020-12-16,64,68,64,68,0,0,0,0,64,68,0,0,64,68,California
Riverside,2020-12-17,805,873,805,873,0,0,0,0,805,873,0,0,805,873,California
Riverside,2020-12-18,1723,2596,1722,2595,1,1,0,0,1723,2596,0,0,1723,2596,California
Riverside,2020-12-19,1027,3623,1024,3619,3,4,0,0,1025,3620,1,1,1025,3621,California
Riverside,2020-12-20,1084,4707,1083,4702,1,5,0,0,1084,4704,0,1,1084,4705,California
Riverside,2020-12-21,2272,6979,2270,6972,2,7,0,0,2272,6976,0,1,2272,6977,California
Riverside,2020-12-22,2253,9232,2214,9186,39,46,0,0,2252,9228,0,1,2252,9229,California
Riverside,2020-12-23,2129,11361,1792,10978,337,383,0,0,2130,11358,0,1,2130,11359,California
Riverside,2020-12-24,827,12188,625,11603,202,585,0,0,827,12185,0,1,827,12186,California
Riverside,2020-12-25,28,12216,5,11608,23,608,0,0,28,12213,0,1,28,12214,California
Riverside,2020-12-26,400,12616,257,11865,143,751,0,0,400,12613,0,1,400,12614,California
Riverside,2020-12-27,361,12977,243,12108,118,869,0,0,361,12974,0,1,361,12975,California
Riverside,2020-12-28,1626,14603,1126,13234,500,1369,0,0,1626,14600,0,1,1626,14601,California
Riverside,2020-12-29,1737,16340,972,14206,765,2134,0,0,1737,16337,0,1,1737,16338,California
Riverside,2020-12-30,2578,18918,1685,15891,893,3027,0,0,2577,18914,0,1,2577,18915,California
Riverside,2020-12-31,1023,19941,395,16286,628,3655,0,0,1025,19939,0,1,1025,19940,California
Riverside,2021-01-01,111,20052,43,16329,68,3723,0,0,111,20050,0,1,111,20051,California
Riverside,2021-01-02,832,20884,692,17021,140,3863,0,0,832,20882,0,1,832,20883,California
Riverside,2021-01-03,345,21229,300,17321,45,3908,0,0,344,21226,0,1,344,21227,California
Riverside,2021-01-04,1260,22489,794,18115,466,4374,0,0,1260,22486,0,1,1260,22487,California
Riverside,2021-01-05,1978,24467,1361,19476,617,4991,0,0,1884,24282,88,89,1884,24371,California
Riverside,2021-01-06,2475,26942,1104,20580,1371,6362,0,0,2169,26149,302,391,2169,26540,California
Riverside,2021-01-07,2767,29709,1814,22394,953,7315,0,0,1705,26798,1058,1449,1707,28247,California
Riverside,2021-01-08,4044,33753,2935,25329,1109,8424,0,0,2233,27224,1807,3256,2233,30480,California
Riverside,2021-01-09,2068,35821,843,26172,1225,9649,0,0,1722,28601,345,3601,1722,32202,California
Riverside,2021-01-10,1664,37485,735,26907,929,10578,0,0,1060,29057,604,4205,1060,33262,California
Riverside,2021-01-11,4519,42004,3099,30006,1420,11998,0,0,2784,30109,1733,5938,2785,36047,California
Riverside,2021-01-12,3402,45406,2729,32735,673,12671,0,0,1716,30144,1681,7619,1716,37763,California
Riverside,2021-01-13,4382,49788,2867,35602,1515,14186,0,0,2778,31321,1601,9220,2778,40541,California
Riverside,2021-01-14,5465,55253,1869,37471,3596,17782,0,0,4878,35612,587,9807,4878,45419,California
Riverside,2021-01-15,6146,61399,2094,39565,4052,21834,0,0,5858,41183,287,10094,5858,51277,California
Riverside,2021-01-16,3609,65008,1017,40582,2592,24426,0,0,3363,44301,246,10340,3364,54641,California
Riverside,2021-01-17,3594,68602,582,41164,3012,27438,0,0,3398,47504,195,10535,3398,58039,California
Riverside,2021-01-18,3721,72323,2019,43183,1702,29140,0,0,2716,49215,1005,11540,2716,60755,California
Riverside,2021-01-19,7405,79728,2638,45821,4767,33907,0,0,6288,54387,1117,12657,6289,67044,California
Riverside,2021-01-20,7959,87687,2872,48693,5087,38994,0,0,6477,59395,1473,14130,6481,73525,California
Riverside,2021-01-21,8225,95912,3385,52078,4840,43834,0,0,7608,66385,618,14748,7608,81133,California
Riverside,2021-01-22,8718,104630,2976,55054,5742,49576,0,0,8289,74248,427,15175,8290,89423,California
Riverside,2021-01-23,5924,110554,2392,57446,3532,53108,0,0,5196,78717,728,15903,5197,94620,California
Riverside,2021-01-24,3034,113588,1430,58876,1604,54712,0,0,2821,81329,210,16113,2822,97442,California
Riverside,2021-01-25,7878,121466,4537,63413,3341,58053,0,0,6752,86957,1125,17238,6753,104195,California
Riverside,2021-01-26,9118,130584,5731,69144,3387,61440,0,0,7609,93060,1507,18745,7610,111805,California
Riverside,2021-01-27,10858,141442,6374,75518,4484,65924,0,0,9290,100788,1565,20310,9293,121098,California
Riverside,2021-01-28,11425,152867,6724,82242,4701,70625,0,0,10267,109906,1150,21460,10268,131366,California
Riverside,2021-01-29,11901,164768,7256,89498,4645,75270,0,0,10532,119100,1342,22802,10536,141902,California
Riverside,2021-01-30,9051,173819,4607,94105,4444,79714,0,0,8588,127229,460,23262,8589,150491,California
Riverside,2021-01-31,5156,178975,4246,98351,910,80624,0,0,5024,132126,131,23393,5028,155519,California
Riverside,2021-02-01,10858,189833,6703,105054,4155,84779,0,0,9077,139431,1775,25168,9080,164599,California
Riverside,2021-02-02,9505,199338,4849,109903,4656,89435,0,0,8022,145980,1476,26644,8025,172624,California
Riverside,2021-02-03,11997,211335,4977,114880,7020,96455,0,0,9770,153533,2217,28861,9770,182394,California
Riverside,2021-02-04,13552,224887,6046,120926,7506,103961,0,0,11461,162912,2084,30945,11463,193857,California
Riverside,2021-02-05,14322,239209,5397,126323,8925,112886,0,0,11282,171167,3032,33977,11287,205144,California
Riverside,2021-02-06,7260,246469,4286,130609,2974,115860,0,0,5620,175158,1632,35609,5623,210767,California
Riverside,2021-02-07,2166,248635,795,131404,1371,117231,0,0,1850,176694,315,35924,1851,212618,California
Riverside,2021-02-08,12448,261083,5529,136933,6919,124150,0,0,10163,184593,2268,38192,10167,222785,California
Riverside,2021-02-09,9644,270727,4525,141458,5119,129269,0,0,7723,190408,1913,40105,7728,230513,California
Riverside,2021-02-10,12061,282788,6979,148437,5082,134351,0,0,8903,196173,3146,43251,8911,239424,California
Riverside,2021-02-11,16564,299352,9041,157478,7523,141874,0,0,12183,204012,4359,47610,12198,251622,California
Riverside,2021-02-12,17681,317033,10821,168299,6860,148734,0,0,12828,212044,4808,52418,12840,264462,California
Riverside,2021-02-13,6324,323357,2126,170425,4198,152932,0,0,3095,211949,3211,55629,3116,267578,California
Riverside,2021-02-14,4928,328285,1121,171546,3807,156739,0,0,2176,211378,2748,58377,2177,269755,California
Riverside,2021-02-15,9815,338100,4995,176541,4820,161559,0,0,5405,212388,4402,62779,5412,275167,California
Riverside,2021-02-16,16104,354204,10109,186650,5995,167554,0,0,9248,214795,6849,69628,9256,284423,California
Riverside,2021-02-17,15007,369211,8202,194852,6805,174359,0,0,7443,214697,7551,77179,7453,291876,California
Riverside,2021-02-18,15469,384680,8940,203792,6529,180888,0,0,8047,215353,7404,84583,8060,299936,California
Riverside,2021-02-19,15246,399926,8217,212009,7029,187917,0,0,7208,214550,8019,92602,7216,307152,California
Riverside,2021-02-20,8059,407985,4251,216260,3808,191725,0,0,2085,210681,5957,98559,2088,309240,California
Riverside,2021-02-21,3423,411408,2906,219166,517,192242,0,0,1027,209326,2382,100941,1027,310267,California
Riverside,2021-02-22,12326,423734,7738,226904,4588,196830,0,0,5096,207215,7212,108153,5101,315368,California
Riverside,2021-02-23,11083,434817,7553,234457,3530,200360,0,0,5386,206936,5669,113822,5390,320758,California
Riverside,2021-02-24,14792,449609,8096,242553,6696,207056,0,0,6298,204796,8455,122277,6315,327073,California
Riverside,2021-02-25,17304,466913,7377,249930,9927,216983,0,0,8036,203610,9247,131524,8061,335134,California
Riverside,2021-02-26,18582,485495,6708,256638,11874,228857,0,0,9283,203683,9242,140766,9315,344449,California
Riverside,2021-02-27,11374,496869,4909,261547,6465,235322,0,0,5674,203717,5666,146432,5700,350149,California
Riverside,2021-02-28,4618,501487,2954,264501,1664,236986,0,0,2372,203862,2234,148666,2379,352528,California
Riverside,2021-03-01,14300,515787,6091,270592,8208,245194,1,1,8428,206479,5839,154505,8456,360984,California
Riverside,2021-03-02,15272,531059,7437,278029,7834,253028,1,2,8969,209196,6280,160785,8997,369981,California
Riverside,2021-03-03,16839,547898,8335,286364,8504,261532,0,2,7278,207089,9512,170297,7405,377386,California
Riverside,2021-03-04,18686,566584,7433,293797,11249,272781,4,6,8877,206355,9765,180062,9031,386417,California
Riverside,2021-03-05,18704,585288,7501,301298,11159,283940,44,50,9258,206539,9395,189457,9579,395996,California
Riverside,2021-03-06,9395,594683,4971,306269,3945,287885,479,529,4658,206983,4723,194180,5167,401163,California
Riverside,2021-03-07,4168,598851,2695,308964,1085,288970,388,917,1957,207131,2201,196381,2349,403512,California
Riverside,2021-03-08,11917,610768,4734,313698,6778,295748,405,1322,5308,206299,6591,202972,5759,409271,California
Riverside,2021-03-09,14641,625409,6755,320453,7389,303137,497,1819,5776,203860,8847,211819,6408,415679,California
Riverside,2021-03-10,15599,641008,8379,328832,6342,309479,878,2697,6003,201333,9559,221378,7032,422711,California
Riverside,2021-03-11,19174,660182,9432,338264,7906,317385,1836,4533,7554,199348,11586,232964,9601,432312,California
Riverside,2021-03-12,21129,681311,7909,346173,8486,325871,4734,9267,7082,197479,14014,246978,12145,444457,California
Riverside,2021-03-13,8380,689691,2501,348674,4678,330549,1201,10468,4290,198979,4070,251048,5570,450027,California
Riverside,2021-03-14,4605,694296,1582,350256,1734,332283,1289,11757,2046,199762,2549,253597,3332,453359,California
Riverside,2021-03-15,18649,712945,7840,358096,9138,341421,1671,13428,9180,201282,9430,263027,10950,464309,California
Riverside,2021-03-16,20869,733814,10125,368221,9930,351351,814,14242,11369,204099,9460,272487,12277,476586,California
Riverside,2021-03-17,21244,755058,10893,379114,9302,360653,1049,15291,12761,209518,8451,280938,13870,490456,California
Riverside,2021-03-18,22534,777592,11713,390827,9168,369821,1653,16944,12507,213704,9982,290920,14168,504624,California
Riverside,2021-03-19,23996,801588,12573,403400,10475,380296,948,17892,14035,219140,9909,300829,15345,519969,California
Riverside,2021-03-20,10590,812178,6841,410241,2586,382882,1163,19055,6826,223393,3737,304566,7990,527959,California
Riverside,2021-03-21,3675,815853,2870,413111,552,383434,253,19308,2524,225033,1138,305704,2778,530737,California
Riverside,2021-03-22,16619,832472,9912,423023,6155,389589,552,19860,10596,230200,5978,311682,11145,541882,California
Riverside,2021-03-23,18526,850998,10483,433506,7621,397210,422,20282,11948,236059,6526,318208,12385,554267,California
Riverside,2021-03-24,18651,869649,10394,443900,8138,405348,119,20401,12832,243243,5773,323981,12957,567224,California
Riverside,2021-03-25,21071,890720,11635,455535,9258,414606,178,20579,14165,250753,6840,330821,14350,581574,California
Riverside,2021-03-26,24039,914759,11860,467395,12007,426613,172,20751,15007,256998,8937,339758,15182,596756,California
Riverside,2021-03-27,9252,924011,4855,472250,3342,429955,1055,21806,4788,258395,4446,344204,5843,602599,California
Riverside,2021-03-28,4721,928732,3104,475354,1525,431480,92,21898,2837,259451,1874,346078,2930,605529,California
Riverside,2021-03-29,17574,946306,8443,483797,9015,440495,116,22014,10929,263894,6612,352690,11055,616584,California
Riverside,2021-03-30,18289,964595,9527,493324,8558,449053,204,22218,11782,269412,6471,359161,11989,628573,California
Riverside,2021-03-31,17938,982533,8371,501695,9268,458321,299,22517,11401,274627,6495,365656,11710,640283,California
Riverside,2021-04-01,25281,1007814,12371,514066,12167,470488,743,23260,16374,282889,8853,374509,17115,657398,California
Riverside,2021-04-02,25958,1033772,14014,528080,11013,481501,931,24191,16331,290803,9575,384084,17489,674887,California
Riverside,2021-04-03,9224,1042996,5885,533965,2779,484280,560,24751,5992,294137,3217,387301,6551,681438,California
Riverside,2021-04-04,3345,1046341,2045,536010,1080,485360,220,24971,1749,294517,1590,388891,1970,683408,California
Riverside,2021-04-05,18225,1064566,9373,545383,7032,492392,1820,26791,9845,297838,8348,397239,11669,695077,California
Riverside,2021-04-06,23549,1088115,12238,557621,9220,501612,2091,28882,13107,302637,10396,407635,15195,710272,California
Riverside,2021-04-07,24460,1112575,13169,570790,8837,510449,2454,31336,13632,307937,10787,418422,16087,726359,California
Riverside,2021-04-08,26896,1139471,14802,585592,9175,519624,2919,34255,16407,316815,10432,428854,19310,745669,California
Riverside,2021-04-09,25947,1165418,15303,600895,8246,527870,2398,36653,15862,325053,10042,438896,18280,763949,California
Riverside,2021-04-10,11826,1177244,6703,607598,3743,531613,1380,38033,5140,324923,6646,445542,6516,770465,California
Riverside,2021-04-11,4542,1181786,2716,610314,1236,532849,590,38623,2154,325290,2377,447919,2744,773209,California
Riverside,2021-04-12,19934,1201720,8877,619191,8481,541330,2576,41199,10029,328030,9866,457785,12606,785815,California
Riverside,2021-04-13,19825,1221545,11105,630296,8695,550025,25,41224,11329,330930,8456,466241,11356,797171,California
Riverside,2021-04-14,21934,1243479,12077,642373,9842,559867,15,41239,10741,330556,11133,477374,10759,807930,California
Riverside,2021-04-15,21563,1265042,12116,654489,9440,569307,7,41246,11296,331656,10205,487579,11305,819235,California
Riverside,2021-04-16,24851,1289893,14390,668879,10455,579762,6,41252,11591,330053,13207,500786,11604,830839,California
Riverside,2021-04-17,9824,1299717,6477,675356,3347,583109,0,41252,4962,330174,4847,505633,4968,835807,California
Riverside,2021-04-18,3855,1303572,2810,678166,1038,584147,7,41259,1839,330019,2003,507636,1848,837655,California
Riverside,2021-04-19,19375,1322947,11531,689697,7842,591989,2,41261,6935,324560,12402,520038,6943,844598,California
Riverside,2021-04-20,18733,1341680,9867,699564,8857,600846,9,41270,7665,321207,11031,531069,7678,852276,California
Riverside,2021-04-21,19359,1361039,11036,710600,8316,609162,7,41277,7635,317186,11670,542739,7649,859925,California
Riverside,2021-04-22,23032,1384071,13415,724015,9614,618776,3,41280,8564,311354,14403,557142,8571,868496,California
Riverside,2021-04-23,22944,1407015,13506,737521,9424,628200,14,41294,8901,306284,13993,571135,8923,877419,California
Riverside,2021-04-24,10416,1417431,7276,744797,3138,631338,2,41296,4843,305590,5540,576675,4846,882265,California
Riverside,2021-04-25,4210,1421641,2825,747622,1385,632723,0,41296,2205,305805,1991,578666,2206,884471,California
Riverside,2021-04-26,15769,1437410,9983,757605,5745,638468,41,41337,5284,300681,10452,589118,5328,889799,California
Riverside,2021-04-27,16972,1454382,9607,767212,7208,645676,157,41494,5849,295608,11079,600197,6006,895805,California
Riverside,2021-04-28,15625,1470007,8521,775733,6875,652551,229,41723,5232,290727,10342,610539,5461,901266,California
Riverside,2021-04-29,15236,1485243,9152,784885,5797,658348,287,42010,4253,284332,10933,621472,4538,905804,California
Riverside,2021-04-30,14329,1499572,8308,793193,5888,664236,133,42143,4060,278282,10246,631718,4196,910000,California
Riverside,2021-05-01,3627,1503199,2692,795885,893,665129,42,42185,1101,276914,2510,634228,1142,911142,California
Riverside,2021-05-02,1060,1504259,724,796609,291,665420,45,42230,350,276604,706,634934,396,911538,California
Sacramento,2020-12-15,315,315,315,315,0,0,0,0,315,315,0,0,315,315,California
Sacramento,2020-12-16,643,958,643,958,0,0,0,0,643,958,0,0,643,958,California
Sacramento,2020-12-17,645,1603,645,1603,0,0,0,0,645,1603,0,0,645,1603,California
Sacramento,2020-12-18,972,2575,972,2575,0,0,0,0,972,2575,0,0,972,2575,California
Sacramento,2020-12-19,612,3187,612,3187,0,0,0,0,612,3187,0,0,612,3187,California
Sacramento,2020-12-20,633,3820,633,3820,0,0,0,0,633,3820,0,0,633,3820,California
Sacramento,2020-12-21,1677,5497,1677,5497,0,0,0,0,1678,5498,0,0,1678,5498,California
Sacramento,2020-12-22,2096,7593,2063,7560,33,33,0,0,2096,7594,0,0,2096,7594,California
Sacramento,2020-12-23,2249,9842,2081,9641,168,201,0,0,2249,9843,0,0,2249,9843,California
Sacramento,2020-12-24,1046,10888,835,10476,211,412,0,0,1046,10889,0,0,1046,10889,California
Sacramento,2020-12-25,1,10889,0,10476,1,413,0,0,1,10890,0,0,1,10890,California
Sacramento,2020-12-26,509,11398,291,10767,218,631,0,0,509,11399,0,0,509,11399,California
Sacramento,2020-12-27,351,11749,247,11014,104,735,0,0,351,11750,0,0,351,11750,California
Sacramento,2020-12-28,1903,13652,1324,12338,579,1314,0,0,1902,13651,1,1,1902,13652,California
Sacramento,2020-12-29,1951,15603,1188,13526,763,2077,0,0,1951,15602,0,1,1951,15603,California
Sacramento,2020-12-30,2556,18159,1454,14980,1102,3179,0,0,2557,18159,0,1,2557,18160,California
Sacramento,2020-12-31,1229,19388,695,15675,534,3713,0,0,1230,19389,0,1,1230,19390,California
Sacramento,2021-01-01,81,19469,70,15745,11,3724,0,0,81,19470,0,1,81,19471,California
Sacramento,2021-01-02,563,20032,362,16107,201,3925,0,0,563,20033,0,1,563,20034,California
Sacramento,2021-01-03,410,20442,221,16328,189,4114,0,0,410,20443,0,1,410,20444,California
Sacramento,2021-01-04,1958,22400,845,17173,1113,5227,0,0,1956,22398,1,2,1956,22400,California
Sacramento,2021-01-05,2212,24612,986,18159,1226,6453,0,0,1858,23909,354,356,1865,24265,California
Sacramento,2021-01-06,2734,27346,1621,19780,1113,7566,0,0,1959,25096,772,1128,1959,26224,California
Sacramento,2021-01-07,2826,30172,1503,21283,1323,8889,0,0,1967,26207,856,1984,1967,28191,California
Sacramento,2021-01-08,3299,33471,2094,23377,1205,10094,0,0,2262,27437,1033,3017,2263,30454,California
Sacramento,2021-01-09,1286,34757,797,24174,489,10583,0,0,896,27945,388,3405,896,31350,California
Sacramento,2021-01-10,1245,36002,710,24884,535,11118,0,0,774,28250,470,3875,775,32125,California
Sacramento,2021-01-11,4348,40350,2958,27842,1390,12508,0,0,2412,28739,1935,5810,2424,34549,California
Sacramento,2021-01-12,4395,44745,3033,30875,1362,13870,0,0,2428,29205,1966,7776,2432,36981,California
Sacramento,2021-01-13,3789,48534,2173,33048,1616,15486,0,0,2376,30170,1412,9188,2377,39358,California
Sacramento,2021-01-14,4620,53154,2367,35415,2253,17739,0,0,3697,32948,919,10107,3697,43055,California
Sacramento,2021-01-15,4420,57574,2263,37678,2157,19896,0,0,3698,35926,721,10828,3699,46754,California
Sacramento,2021-01-16,2089,59663,1291,38969,798,20694,0,0,1872,37581,217,11045,1872,48626,California
Sacramento,2021-01-17,1637,61300,951,39920,686,21380,0,0,1459,38865,178,11223,1462,50088,California
Sacramento,2021-01-18,2860,64160,1767,41687,1093,22473,0,0,2333,40673,526,11749,2334,52422,California
Sacramento,2021-01-19,4999,69159,3052,44739,1947,24420,0,0,3729,43134,1270,13019,3731,56153,California
Sacramento,2021-01-20,4780,73939,2825,47564,1955,26375,0,0,3562,45481,1220,14239,3567,59720,California
Sacramento,2021-01-21,5188,79127,2990,50554,2198,28573,0,0,4225,48750,957,15196,4226,63946,California
Sacramento,2021-01-22,4978,84105,2653,53207,2325,30898,0,0,4677,53128,300,15496,4678,68624,California
Sacramento,2021-01-23,3728,87833,1559,54766,2169,33067,0,0,3271,55942,457,15953,3271,71895,California
Sacramento,2021-01-24,1590,89423,995,55761,595,33662,0,0,1349,57051,241,16194,1350,73245,California
Sacramento,2021-01-25,4359,93782,2110,57871,2249,35911,0,0,2942,58578,1417,17611,2944,76189,California
Sacramento,2021-01-26,4722,98504,2135,60006,2587,38498,0,0,3520,60900,1200,18811,3522,79711,California
Sacramento,2021-01-27,5803,104307,3049,63055,2754,41252,0,0,4199,63500,1601,20412,4201,83912,California
Sacramento,2021-01-28,5359,109666,2707,65762,2652,43904,0,0,4265,66673,1093,21505,4266,88178,California
Sacramento,2021-01-29,5398,115064,2937,68699,2461,46365,0,0,4374,70032,1015,22520,4374,92552,California
Sacramento,2021-01-30,4513,119577,2208,70907,2305,48670,0,0,4078,73677,433,22953,4078,96630,California
Sacramento,2021-01-31,2299,121876,2005,72912,294,48964,0,0,2024,75430,273,23226,2026,98656,California
Sacramento,2021-02-01,5907,127783,3013,75925,2894,51858,0,0,4245,78017,1658,24884,4245,102901,California
Sacramento,2021-02-02,6927,134710,3759,79684,3168,55026,0,0,4846,80802,2063,26947,4848,107749,California
Sacramento,2021-02-03,7090,141800,3551,83235,3539,58565,0,0,5230,84184,1850,28797,5232,112981,California
Sacramento,2021-02-04,7711,149511,3633,86868,4078,62643,0,0,5495,87473,2206,31003,5495,118476,California
Sacramento,2021-02-05,7802,157313,4444,91312,3358,66001,0,0,4869,89435,2910,33913,4872,123348,California
Sacramento,2021-02-06,8429,165742,3447,94759,4982,70983,0,0,7101,95213,1324,35237,7102,130450,California
Sacramento,2021-02-07,4063,169805,2179,96938,1884,72867,0,0,2844,96848,1211,36448,2846,133296,California
Sacramento,2021-02-08,6196,176001,3200,100138,2996,75863,0,0,3887,98430,2305,38753,3887,137183,California
Sacramento,2021-02-09,6801,182802,3591,103729,3210,79073,0,0,4010,99659,2782,41535,4011,141194,California
Sacramento,2021-02-10,7657,190459,4173,107902,3484,82557,0,0,4532,101082,3111,44646,4534,145728,California
Sacramento,2021-02-11,9586,200045,5736,113638,3850,86407,0,0,5551,102613,4022,48668,5553,151281,California
Sacramento,2021-02-12,10644,210689,4140,117778,6504,92911,0,0,6394,104815,4195,52863,6397,157678,California
Sacramento,2021-02-13,7603,218292,2991,120769,4612,97523,0,0,6020,109254,1581,54444,6020,163698,California
Sacramento,2021-02-14,3126,221418,1933,122702,1193,98716,0,0,2070,110274,1054,55498,2074,165772,California
Sacramento,2021-02-15,5979,227397,2039,124741,3940,102656,0,0,4157,112618,1815,57313,4159,169931,California
Sacramento,2021-02-16,9019,236416,4200,128941,4819,107475,0,0,5291,114192,3721,61034,5295,175226,California
Sacramento,2021-02-17,8820,245236,4974,133915,3846,111321,0,0,5134,115654,3674,64708,5136,180362,California
Sacramento,2021-02-18,9524,254760,5712,139627,3812,115133,0,0,5749,117638,3768,68476,5752,186114,California
Sacramento,2021-02-19,9998,264758,6131,145758,3867,119000,0,0,5908,119474,4077,72553,5913,192027,California
Sacramento,2021-02-20,7349,272107,5368,151126,1981,120981,0,0,4297,120728,3044,75597,4298,196325,California
Sacramento,2021-02-21,2910,275017,2314,153440,596,121577,0,0,1015,119856,1887,77484,1015,197340,California
Sacramento,2021-02-22,6176,281193,3738,157178,2438,124015,0,0,2677,119049,3488,80972,2681,200021,California
Sacramento,2021-02-23,7125,288318,4429,161607,2696,126711,0,0,3467,118877,3643,84615,3471,203492,California
Sacramento,2021-02-24,9631,297949,5290,166897,4341,131052,0,0,5272,119812,4342,88957,5277,208769,California
Sacramento,2021-02-25,10087,308036,5403,172300,4684,135736,0,0,5585,120909,4488,93445,5585,214354,California
Sacramento,2021-02-26,13880,321916,6450,178750,7430,143166,0,0,9558,126180,4291,97736,9562,223916,California
Sacramento,2021-02-27,10790,332706,6712,185462,4075,147241,3,3,7932,131276,2840,100576,7936,231852,California
Sacramento,2021-02-28,5599,338305,2213,187675,3386,150627,0,3,2585,130862,3000,103576,2586,234438,California
Sacramento,2021-03-01,8008,346313,3442,191117,4566,155193,0,3,4325,131528,3661,107237,4327,238765,California
Sacramento,2021-03-02,9227,355540,4010,195127,5216,160409,1,4,5661,133642,3551,110788,5665,244430,California
Sacramento,2021-03-03,10896,366436,4993,200120,5900,166309,3,7,6497,135763,4381,115169,6502,250932,California
Sacramento,2021-03-04,13392,379828,6148,206268,7240,173549,4,11,7457,137325,5905,121074,7467,258399,California
Sacramento,2021-03-05,10556,390384,4876,211144,5650,179199,30,41,7016,140852,3519,124593,7046,265445,California
Sacramento,2021-03-06,8071,398455,3092,214236,4857,184056,122,163,4086,141091,3968,128561,4207,269652,California
Sacramento,2021-03-07,7575,406030,2188,216424,5302,189358,85,248,3723,141049,3848,132409,3806,273458,California
Sacramento,2021-03-08,9087,415117,4233,220657,4630,193988,224,472,5948,144093,3126,135535,6170,279628,California
Sacramento,2021-03-09,9526,424643,4524,225181,4729,198717,273,745,5482,145819,4029,139564,5755,285383,California
Sacramento,2021-03-10,11656,436299,7472,232653,3856,202573,328,1073,6814,148156,4807,144371,7144,292527,California
Sacramento,2021-03-11,13873,450172,8891,241544,4193,206766,789,1862,8237,151583,5598,149969,9025,301552,California
Sacramento,2021-03-12,17241,467413,8297,249841,8112,214878,832,2694,8139,151512,9050,159019,8979,310531,California
Sacramento,2021-03-13,12940,480353,3569,253410,8949,223827,422,3116,8146,155297,4781,163800,8566,319097,California
Sacramento,2021-03-14,8363,488716,3456,256866,4280,228107,627,3743,4474,156531,3866,167666,5100,324197,California
Sacramento,2021-03-15,12134,500850,4812,261678,6680,234787,642,4385,7066,159194,5047,172713,7710,331907,California
Sacramento,2021-03-16,13941,514791,6192,267870,7112,241899,637,5022,8611,163142,5297,178010,9245,341152,California
Sacramento,2021-03-17,13543,528334,6562,274432,6371,248270,610,5632,8725,167691,4791,182801,9340,350492,California
Sacramento,2021-03-18,14014,542348,6591,281023,6859,255129,564,6196,9285,172837,4701,187502,9847,360339,California
Sacramento,2021-03-19,15060,557408,7467,288490,6224,261353,1369,7565,7624,174418,7411,194913,8992,369331,California
Sacramento,2021-03-20,12883,570291,7528,296018,5016,266369,339,7904,8173,178253,4679,199592,8514,377845,California
Sacramento,2021-03-21,5597,575888,2751,298769,2807,269176,39,7943,4947,182603,638,200230,4988,382833,California
Sacramento,2021-03-22,9254,585142,4779,303548,3709,272885,766,8709,6265,186672,2963,203193,7032,389865,California
Sacramento,2021-03-23,11294,596436,6730,310278,3756,276641,808,9517,7305,190833,3951,207144,8112,397977,California
Sacramento,2021-03-24,11827,608263,7257,317535,3939,280580,631,10148,6740,193200,5006,212150,7373,405350,California
Sacramento,2021-03-25,12542,620805,6832,324367,4903,285483,807,10955,7292,196088,5207,217357,8095,413445,California
Sacramento,2021-03-26,17583,638388,8303,332670,8792,294275,488,11443,8613,196287,8904,226261,9103,422548,California
Sacramento,2021-03-27,9644,648032,3546,336216,5812,300087,286,11729,5208,197372,4405,230666,5490,428038,California
Sacramento,2021-03-28,6495,654527,3210,339426,3037,303124,248,11977,3128,197395,3357,234023,3380,431418,California
Sacramento,2021-03-29,10984,665511,5883,345309,4731,307855,370,12347,5219,197249,5737,239760,5591,437009,California
Sacramento,2021-03-30,11792,677303,6056,351365,5360,313215,376,12723,6043,197941,5726,245486,6418,443427,California
Sacramento,2021-03-31,13351,690654,7811,359176,5144,318359,396,13119,5651,196306,7676,253162,6041,449468,California
Sacramento,2021-04-01,15596,706250,8720,367896,6656,325015,220,13339,5882,192732,9682,262844,6108,455576,California
Sacramento,2021-04-02,17002,723252,9651,377547,6626,331641,725,14064,8958,194400,8017,270861,9685,465261,California
Sacramento,2021-04-03,10343,733595,6162,383709,3634,335275,547,14611,6355,197340,3960,274821,6900,472161,California
Sacramento,2021-04-04,3672,737267,1518,385227,1967,337242,187,14798,1437,196730,2231,277052,1621,473782,California
Sacramento,2021-04-05,11983,749250,7522,392749,3631,340873,830,15628,5354,196315,6595,283647,6180,479962,California
Sacramento,2021-04-06,15492,764742,8814,401563,5356,346229,1322,16950,6853,195880,8609,292256,8174,488136,California
Sacramento,2021-04-07,14679,779421,7945,409508,5157,351386,1577,18527,7131,197063,7516,299772,8699,496835,California
Sacramento,2021-04-08,14860,794281,6681,416189,5231,356617,2948,21475,5915,196999,8915,308687,8851,505686,California
Sacramento,2021-04-09,15762,810043,7653,423842,5946,362563,2163,23638,6113,195657,9612,318299,8270,513956,California
Sacramento,2021-04-10,11632,821675,3108,426950,7472,370035,1052,24690,4589,194272,7019,325318,5634,519590,California
Sacramento,2021-04-11,9480,831155,3091,430041,6167,376202,222,24912,2596,190228,6861,332179,2817,522407,California
Sacramento,2021-04-12,12848,844003,4972,435013,6014,382216,1862,26774,4910,189099,7889,340068,6760,529167,California
Sacramento,2021-04-13,14206,858209,7913,442926,6289,388505,4,26778,5559,186046,8620,348688,5567,534734,California
Sacramento,2021-04-14,14070,872279,7125,450051,6943,395448,2,26780,5095,182204,8943,357631,5101,539835,California
Sacramento,2021-04-15,15162,887441,7434,457485,7726,403174,2,26782,6331,179741,8799,366430,6336,546171,California
Sacramento,2021-04-16,15953,903394,8240,465725,7713,410887,0,26782,7080,177988,8835,375265,7082,553253,California
Sacramento,2021-04-17,11942,915336,4396,470121,7546,418433,0,26782,7903,181871,4023,379288,7906,561159,California
Sacramento,2021-04-18,7224,922560,1929,472050,5295,423728,0,26782,3439,181538,3773,383061,3440,564599,California
Sacramento,2021-04-19,10512,933072,5688,477738,4822,428550,2,26784,4715,180480,5777,388838,4719,569318,California
Sacramento,2021-04-20,11060,944132,6715,484453,4342,432892,3,26787,5896,181235,5148,393986,5903,575221,California
Sacramento,2021-04-21,11428,955560,6602,491055,4824,437716,2,26789,6215,182265,5188,399174,6218,581439,California
Sacramento,2021-04-22,12278,967838,7409,498464,4866,442582,3,26792,6633,183283,5620,404794,6638,588077,California
Sacramento,2021-04-23,13782,981620,8341,506805,5441,448023,0,26792,6336,182206,7414,412208,6337,594414,California
Sacramento,2021-04-24,11103,992723,6991,513796,4111,452134,1,26793,5737,182616,5329,417537,5739,600153,California
Sacramento,2021-04-25,7965,1000688,4477,518273,3488,455622,0,26793,4155,182974,3798,421335,4156,604309,California
Sacramento,2021-04-26,9803,1010491,6146,524419,3632,459254,25,26818,4464,182152,5312,426647,4490,608799,California
Sacramento,2021-04-27,11171,1021662,7353,531772,3698,462952,120,26938,5448,182026,5694,432341,5568,614367,California
Sacramento,2021-04-28,9454,1031116,5516,537288,3738,466690,200,27138,5074,182950,4356,436697,5280,619647,California
Sacramento,2021-04-29,7724,1038840,4833,542121,2606,469296,285,27423,3875,183282,3829,440526,4161,623808,California
Sacramento,2021-04-30,7664,1046504,4331,546452,3231,472527,102,27525,3484,182722,4148,444674,3588,627396,California
Sacramento,2021-05-01,5014,1051518,3340,549792,1584,474111,90,27615,1601,181026,3390,448064,1694,629090,California
Sacramento,2021-05-02,2356,1053874,2021,551813,328,474439,7,27622,1584,181857,760,448824,1591,630681,California
San Benito,2020-12-16,2,2,2,2,0,0,0,0,2,2,0,0,2,2,California
San Benito,2020-12-17,8,10,8,10,0,0,0,0,8,10,0,0,8,10,California
San Benito,2020-12-18,32,42,32,42,0,0,0,0,32,42,0,0,32,42,California
San Benito,2020-12-19,47,89,47,89,0,0,0,0,47,89,0,0,47,89,California
San Benito,2020-12-20,22,111,21,110,1,1,0,0,22,111,0,0,22,111,California
San Benito,2020-12-21,48,159,48,158,0,1,0,0,48,159,0,0,48,159,California
San Benito,2020-12-22,65,224,65,223,0,1,0,0,65,224,0,0,65,224,California
San Benito,2020-12-23,48,272,36,259,12,13,0,0,48,272,0,0,48,272,California
San Benito,2020-12-24,12,284,4,263,8,21,0,0,12,284,0,0,12,284,California
San Benito,2020-12-25,4,288,4,267,0,21,0,0,4,288,0,0,4,288,California
San Benito,2020-12-26,13,301,4,271,9,30,0,0,13,301,0,0,13,301,California
San Benito,2020-12-27,8,309,7,278,1,31,0,0,8,309,0,0,8,309,California
San Benito,2020-12-28,63,372,36,314,27,58,0,0,63,372,0,0,63,372,California
San Benito,2020-12-29,49,421,20,334,29,87,0,0,49,421,0,0,49,421,California
San Benito,2020-12-30,59,480,37,371,22,109,0,0,59,480,0,0,59,480,California
San Benito,2020-12-31,19,499,2,373,17,126,0,0,19,499,0,0,19,499,California
San Benito,2021-01-02,25,524,24,397,1,127,0,0,25,524,0,0,25,524,California
San Benito,2021-01-03,3,527,1,398,2,129,0,0,3,527,0,0,3,527,California
San Benito,2021-01-04,62,589,23,421,39,168,0,0,62,589,0,0,62,589,California
San Benito,2021-01-05,118,707,36,457,82,250,0,0,115,701,3,3,115,704,California
San Benito,2021-01-06,97,804,42,499,55,305,0,0,83,770,14,17,83,787,California
San Benito,2021-01-07,80,884,43,542,37,342,0,0,52,794,28,45,52,839,California
San Benito,2021-01-08,129,1013,66,608,63,405,0,0,86,837,43,88,86,925,California
San Benito,2021-01-09,43,1056,30,638,13,418,0,0,29,852,14,102,29,954,California
San Benito,2021-01-10,15,1071,13,651,2,420,0,0,5,847,10,112,5,959,California
San Benito,2021-01-11,102,1173,59,710,43,463,0,0,49,843,53,165,49,1008,California
San Benito,2021-01-12,156,1329,53,763,103,566,0,0,120,927,36,201,120,1128,California
San Benito,2021-01-13,190,1519,35,798,155,721,0,0,163,1063,27,228,163,1291,California
San Benito,2021-01-14,116,1635,23,821,93,814,0,0,99,1145,17,245,99,1390,California
San Benito,2021-01-15,215,1850,21,842,194,1008,0,0,201,1332,14,259,201,1591,California
San Benito,2021-01-16,27,1877,9,851,18,1026,0,0,21,1347,6,265,21,1612,California
San Benito,2021-01-17,11,1888,5,856,6,1032,0,0,8,1352,3,268,8,1620,California
San Benito,2021-01-18,36,1924,23,879,13,1045,0,0,21,1358,15,283,21,1641,California
San Benito,2021-01-19,151,2075,64,943,87,1132,0,0,125,1457,26,309,125,1766,California
San Benito,2021-01-20,261,2336,80,1023,181,1313,0,0,215,1627,45,354,215,1981,California
San Benito,2021-01-21,124,2460,31,1054,93,1406,0,0,100,1703,24,378,100,2081,California
San Benito,2021-01-22,231,2691,19,1073,212,1618,0,0,221,1914,10,388,221,2302,California
San Benito,2021-01-23,31,2722,17,1090,14,1632,0,0,13,1909,18,406,13,2315,California
San Benito,2021-01-24,11,2733,3,1093,8,1640,0,0,7,1912,4,410,7,2322,California
San Benito,2021-01-25,67,2800,25,1118,42,1682,0,0,22,1889,45,455,22,2344,California
San Benito,2021-01-26,134,2934,41,1159,93,1775,0,0,81,1917,53,508,81,2425,California
San Benito,2021-01-27,230,3164,69,1228,161,1936,0,0,190,2067,40,548,190,2615,California
San Benito,2021-01-28,155,3319,32,1260,123,2059,0,0,123,2159,31,579,123,2738,California
San Benito,2021-01-29,284,3603,31,1291,253,2312,0,0,261,2398,22,601,261,2999,California
San Benito,2021-01-30,50,3653,31,1322,19,2331,0,0,28,2404,22,623,28,3027,California
San Benito,2021-01-31,16,3669,5,1327,11,2342,0,0,11,2410,5,628,11,3038,California
San Benito,2021-02-01,133,3802,28,1355,105,2447,0,0,89,2455,44,672,89,3127,California
San Benito,2021-02-02,226,4028,49,1404,177,2624,0,0,136,2501,90,762,136,3263,California
San Benito,2021-02-03,336,4364,42,1446,294,2918,0,0,272,2709,64,826,272,3535,California
San Benito,2021-02-04,162,4526,24,1470,138,3056,0,0,118,2783,44,870,118,3653,California
San Benito,2021-02-05,289,4815,40,1510,249,3305,0,0,227,2948,62,932,227,3880,California
San Benito,2021-02-06,49,4864,9,1519,40,3345,0,0,32,2963,17,949,32,3912,California
San Benito,2021-02-07,15,4879,7,1526,8,3353,0,0,14,2976,1,950,14,3926,California
San Benito,2021-02-08,138,5017,15,1541,123,3476,0,0,92,3022,46,996,92,4018,California
San Benito,2021-02-09,326,5343,64,1605,262,3738,0,0,194,3084,132,1128,194,4212,California
San Benito,2021-02-10,319,5662,88,1693,231,3969,0,0,124,3014,194,1322,124,4336,California
San Benito,2021-02-11,296,5958,32,1725,264,4233,0,0,198,3114,98,1420,198,4534,California
San Benito,2021-02-12,412,6370,30,1755,382,4615,0,0,207,3117,204,1624,207,4741,California
San Benito,2021-02-13,57,6427,8,1763,49,4664,0,0,43,3146,14,1638,43,4784,California
San Benito,2021-02-14,40,6467,5,1768,35,4699,0,0,30,3166,10,1648,30,4814,California
San Benito,2021-02-15,106,6573,9,1777,97,4796,0,0,95,3250,11,1659,95,4909,California
San Benito,2021-02-16,205,6778,11,1788,194,4990,0,0,101,3247,104,1763,101,5010,California
San Benito,2021-02-17,327,7105,30,1818,297,5287,0,0,278,3476,49,1812,278,5288,California
San Benito,2021-02-18,293,7398,38,1856,255,5542,0,0,72,3327,221,2033,72,5360,California
San Benito,2021-02-19,342,7740,45,1901,297,5839,0,0,177,3339,165,2198,177,5537,California
San Benito,2021-02-20,45,7785,26,1927,19,5858,0,0,36,3366,9,2207,36,5573,California
San Benito,2021-02-21,23,7808,8,1935,15,5873,0,0,14,3371,9,2216,14,5587,California
San Benito,2021-02-22,132,7940,36,1971,96,5969,0,0,98,3436,33,2249,98,5685,California
San Benito,2021-02-23,374,8314,92,2063,282,6251,0,0,262,3586,112,2361,262,5947,California
San Benito,2021-02-24,376,8690,63,2126,313,6564,0,0,236,3682,140,2501,236,6183,California
San Benito,2021-02-25,392,9082,63,2189,329,6893,0,0,271,3830,123,2624,271,6454,California
San Benito,2021-02-26,640,9722,72,2261,568,7461,0,0,397,3984,243,2867,397,6851,California
San Benito,2021-02-27,98,9820,36,2297,62,7523,0,0,83,4052,15,2882,83,6934,California
San Benito,2021-02-28,248,10068,24,2321,224,7747,0,0,239,4282,9,2891,239,7173,California
San Benito,2021-03-01,224,10292,59,2380,165,7912,0,0,155,4367,70,2961,155,7328,California
San Benito,2021-03-02,275,10567,90,2470,185,8097,0,0,205,4502,70,3031,205,7533,California
San Benito,2021-03-03,392,10959,58,2528,334,8431,0,0,216,4544,174,3205,216,7749,California
San Benito,2021-03-04,610,11569,124,2652,471,8902,15,15,429,4796,181,3386,433,8182,California
San Benito,2021-03-05,582,12151,305,2957,264,9166,13,28,373,4974,208,3594,386,8568,California
San Benito,2021-03-06,190,12341,66,3023,110,9276,14,42,139,5076,51,3645,153,8721,California
San Benito,2021-03-07,647,12988,603,3626,22,9298,22,64,615,5681,32,3677,637,9358,California
San Benito,2021-03-08,288,13276,65,3691,177,9475,46,110,167,5773,121,3798,213,9571,California
San Benito,2021-03-09,423,13699,84,3775,240,9715,99,209,137,5697,285,4083,209,9780,California
San Benito,2021-03-10,402,14101,114,3889,193,9908,95,304,232,5854,170,4253,327,10107,California
San Benito,2021-03-11,467,14568,119,4008,196,10104,152,456,206,5951,261,4514,358,10465,California
San Benito,2021-03-12,511,15079,117,4125,300,10404,94,550,229,5995,280,4794,324,10789,California
San Benito,2021-03-13,202,15281,102,4227,82,10486,18,568,128,6070,71,4865,146,10935,California
San Benito,2021-03-14,232,15513,40,4267,172,10658,20,588,180,6219,51,4916,200,11135,California
San Benito,2021-03-15,325,15838,100,4367,206,10864,19,607,191,6295,134,5050,210,11345,California
San Benito,2021-03-16,496,16334,218,4585,247,11111,31,638,349,6527,147,5197,379,11724,California
San Benito,2021-03-17,785,17119,475,5060,289,11400,21,659,559,6877,222,5419,572,12296,California
San Benito,2021-03-18,786,17905,524,5584,207,11607,55,714,572,7283,212,5631,618,12914,California
San Benito,2021-03-19,777,18682,404,5988,350,11957,23,737,577,7683,200,5831,600,13514,California
San Benito,2021-03-20,239,18921,147,6135,80,12037,12,749,183,7822,56,5887,195,13709,California
San Benito,2021-03-21,108,19029,56,6191,47,12084,5,754,81,7881,27,5914,86,13795,California
San Benito,2021-03-22,344,19373,171,6362,148,12232,25,779,221,8004,123,6037,246,14041,California
San Benito,2021-03-23,475,19848,197,6559,268,12500,10,789,215,7968,260,6297,224,14265,California
San Benito,2021-03-24,575,20423,305,6864,263,12763,7,796,360,8121,214,6511,367,14632,California
San Benito,2021-03-25,741,21164,440,7304,297,13060,4,800,443,8273,295,6806,447,15079,California
San Benito,2021-03-26,999,22163,517,7821,479,13539,3,803,331,7940,667,7473,334,15413,California
San Benito,2021-03-27,332,22495,184,8005,115,13654,33,836,215,8072,116,7589,248,15661,California
San Benito,2021-03-28,692,23187,570,8575,117,13771,5,841,126,7637,566,8155,131,15792,California
San Benito,2021-03-29,344,23531,110,8685,214,13985,20,861,149,7610,195,8350,168,15960,California
San Benito,2021-03-30,571,24102,268,8953,209,14194,94,955,288,7709,283,8633,382,16342,California
San Benito,2021-03-31,582,24684,356,9309,202,14396,24,979,335,7823,245,8878,359,16701,California
San Benito,2021-04-01,930,25614,372,9681,520,14916,38,1017,554,8034,375,9253,586,17287,California
San Benito,2021-04-02,540,26154,264,9945,141,15057,135,1152,267,8163,273,9526,402,17689,California
San Benito,2021-04-03,252,26406,87,10032,103,15160,62,1214,74,8121,178,9704,136,17825,California
San Benito,2021-04-04,143,26549,108,10140,30,15190,5,1219,106,8195,37,9741,111,17936,California
San Benito,2021-04-05,351,26900,171,10311,138,15328,42,1261,143,8171,208,9949,184,18120,California
San Benito,2021-04-06,458,27358,157,10468,127,15455,174,1435,157,8201,301,10250,331,18451,California
San Benito,2021-04-07,922,28280,520,10988,212,15667,190,1625,253,7976,668,10918,443,18894,California
San Benito,2021-04-08,847,29127,425,11413,172,15839,250,1875,215,7810,631,11549,465,19359,California
San Benito,2021-04-09,838,29965,497,11910,250,16089,91,1966,289,7641,549,12098,380,19739,California
San Benito,2021-04-10,319,30284,191,12101,71,16160,57,2023,174,7727,145,12243,231,19970,California
San Benito,2021-04-11,469,30753,269,12370,167,16327,33,2056,244,7777,225,12468,275,20245,California
San Benito,2021-04-12,523,31276,283,12653,129,16456,111,2167,272,7907,250,12718,380,20625,California
San Benito,2021-04-13,752,32028,290,12943,439,16895,23,2190,523,8226,228,12946,547,21172,California
San Benito,2021-04-14,836,32864,658,13601,178,17073,0,2190,401,8197,430,13376,401,21573,California
San Benito,2021-04-15,928,33792,720,14321,207,17280,1,2191,458,8187,469,13845,459,22032,California
San Benito,2021-04-16,694,34486,363,14684,322,17602,9,2200,291,8087,400,14245,300,22332,California
San Benito,2021-04-17,312,34798,227,14911,85,17687,0,2200,127,8029,185,14430,127,22459,California
San Benito,2021-04-18,491,35289,410,15321,81,17768,0,2200,241,8021,250,14680,242,22701,California
San Benito,2021-04-19,727,36016,586,15907,141,17909,0,2200,411,8118,315,14995,412,23113,California
San Benito,2021-04-20,746,36762,398,16305,347,18256,1,2201,475,8327,266,15261,475,23588,California
San Benito,2021-04-21,954,37716,703,17008,251,18507,0,2201,522,8431,418,15679,522,24110,California
San Benito,2021-04-22,891,38607,688,17696,203,18710,0,2201,565,8678,318,15997,565,24675,California
San Benito,2021-04-23,623,39230,394,18090,228,18938,1,2202,338,8781,236,16233,339,25014,California
San Benito,2021-04-24,348,39578,196,18286,152,19090,0,2202,158,8789,150,16383,158,25172,California
San Benito,2021-04-25,196,39774,119,18405,77,19167,0,2202,85,8782,92,16475,85,25257,California
San Benito,2021-04-26,457,40231,361,18766,96,19263,0,2202,239,8863,158,16633,239,25496,California
San Benito,2021-04-27,514,40745,257,19023,250,19513,7,2209,389,9144,115,16748,396,25892,California
San Benito,2021-04-28,508,41253,357,19380,142,19655,9,2218,350,9349,153,16901,358,26250,California
San Benito,2021-04-29,517,41770,172,19552,335,19990,10,2228,186,9229,331,17232,211,26461,California
San Benito,2021-04-30,260,42030,157,19709,99,20089,4,2232,157,9289,101,17333,161,26622,California
San Benito,2021-05-01,76,42106,61,19770,14,20103,1,2233,24,9263,51,17384,25,26647,California
San Benito,2021-05-02,83,42189,75,19845,4,20107,4,2237,8,9200,75,17459,12,26659,California
San Bernardino,2020-12-15,13,13,13,13,0,0,0,0,13,13,0,0,13,13,California
San Bernardino,2020-12-16,107,120,107,120,0,0,0,0,107,120,0,0,107,120,California
San Bernardino,2020-12-17,2352,2472,2352,2472,0,0,0,0,2352,2472,0,0,2352,2472,California
San Bernardino,2020-12-18,3144,5616,3141,5613,3,3,0,0,3145,5617,0,0,3145,5617,California
San Bernardino,2020-12-19,1070,6686,1069,6682,1,4,0,0,1071,6688,0,0,1071,6688,California
San Bernardino,2020-12-20,1174,7860,1172,7854,2,6,0,0,1174,7862,0,0,1174,7862,California
San Bernardino,2020-12-21,2452,10312,2447,10301,5,11,0,0,2452,10314,0,0,2452,10314,California
San Bernardino,2020-12-22,2269,12581,2143,12444,126,137,0,0,2270,12584,0,0,2270,12584,California
San Bernardino,2020-12-23,2648,15229,1455,13899,1193,1330,0,0,2647,15231,0,0,2647,15231,California
San Bernardino,2020-12-24,1157,16386,582,14481,575,1905,0,0,1159,16390,0,0,1159,16390,California
San Bernardino,2020-12-25,74,16460,14,14495,60,1965,0,0,74,16464,0,0,74,16464,California
San Bernardino,2020-12-26,462,16922,254,14749,208,2173,0,0,462,16926,0,0,462,16926,California
San Bernardino,2020-12-27,343,17265,160,14909,183,2356,0,0,343,17269,0,0,343,17269,California
San Bernardino,2020-12-28,1567,18832,712,15621,855,3211,0,0,1568,18837,0,0,1568,18837,California
San Bernardino,2020-12-29,2211,21043,1042,16663,1169,4380,0,0,2211,21048,0,0,2211,21048,California
San Bernardino,2020-12-30,2895,23938,1459,18122,1436,5816,0,0,2896,23944,0,0,2896,23944,California
San Bernardino,2020-12-31,1358,25296,440,18562,918,6734,0,0,1356,25300,0,0,1356,25300,California
San Bernardino,2021-01-01,281,25577,150,18712,131,6865,0,0,280,25580,0,0,280,25580,California
San Bernardino,2021-01-02,475,26052,338,19050,137,7002,0,0,475,26055,0,0,475,26055,California
San Bernardino,2021-01-03,135,26187,85,19135,50,7052,0,0,135,26190,0,0,135,26190,California
San Bernardino,2021-01-04,2120,28307,1287,20422,833,7885,0,0,2119,28309,0,0,2119,28309,California
San Bernardino,2021-01-05,2331,30638,1460,21882,871,8756,0,0,2221,30421,109,109,2221,30530,California
San Bernardino,2021-01-06,3431,34069,2352,24234,1079,9835,0,0,2937,32871,488,597,2938,33468,California
San Bernardino,2021-01-07,5415,39484,4503,28737,912,10747,0,0,2482,32439,2914,3511,2482,35950,California
San Bernardino,2021-01-08,5366,44850,4445,33182,921,11668,0,0,2290,31658,3072,6583,2291,38241,California
San Bernardino,2021-01-09,1398,46248,1099,34281,299,11967,0,0,902,32064,496,7079,902,39143,California
San Bernardino,2021-01-10,1021,47269,597,34878,424,12391,0,0,574,32191,447,7526,574,39717,California
San Bernardino,2021-01-11,4979,52248,4074,38952,905,13296,0,0,2765,32745,2211,9737,2765,42482,California
San Bernardino,2021-01-12,4229,56477,3218,42170,1011,14307,0,0,2516,33549,1712,11449,2516,44998,California
San Bernardino,2021-01-13,4555,61032,2849,45019,1706,16013,0,0,3332,35672,1210,12659,3333,48331,California
San Bernardino,2021-01-14,4747,65779,2776,47795,1971,17984,0,0,4164,39257,579,13238,4164,52495,California
San Bernardino,2021-01-15,5980,71759,2976,50771,3004,20988,0,0,5584,44458,386,13624,5587,58082,California
San Bernardino,2021-01-16,2258,74017,1293,52064,965,21953,0,0,2116,46432,142,13766,2116,60198,California
San Bernardino,2021-01-17,1188,75205,514,52578,674,22627,0,0,1098,47443,89,13855,1100,61298,California
San Bernardino,2021-01-18,4269,79474,2639,55217,1630,24257,0,0,3648,50474,620,14475,3651,64949,California
San Bernardino,2021-01-19,6303,85777,3708,58925,2595,26852,0,0,5212,54599,1089,15564,5214,70163,California
San Bernardino,2021-01-20,6802,92579,3735,62660,3067,29919,0,0,4873,57553,1921,17485,4875,75038,California
San Bernardino,2021-01-21,5978,98557,3077,65737,2901,32820,0,0,4862,61311,1107,18592,4865,79903,California
San Bernardino,2021-01-22,6502,105059,3034,68771,3468,36288,0,0,5781,66374,719,19311,5782,85685,California
San Bernardino,2021-01-23,3106,108165,1890,70661,1216,37504,0,0,2718,68705,387,19698,2718,88403,California
San Bernardino,2021-01-24,1195,109360,462,71123,733,38237,0,0,1094,69698,101,19799,1094,89497,California
San Bernardino,2021-01-25,6868,116228,3396,74519,3472,41709,0,0,5019,72873,1847,21646,5022,94519,California
San Bernardino,2021-01-26,7105,123333,3568,78087,3537,45246,0,0,5008,75785,2097,23743,5009,99528,California
San Bernardino,2021-01-27,8396,131729,4146,82233,4250,49496,0,0,5692,78781,2696,26439,5692,105220,California
San Bernardino,2021-01-28,8585,140314,4079,86312,4506,54002,0,0,6260,82721,2320,28759,6260,111480,California
San Bernardino,2021-01-29,8179,148493,3768,90080,4411,58413,0,0,6212,86981,1953,30712,6213,117693,California
San Bernardino,2021-01-30,3090,151583,1901,91981,1189,59602,0,0,2804,89500,285,30997,2804,120497,California
San Bernardino,2021-01-31,922,152505,493,92474,429,60031,0,0,868,90315,53,31050,868,121365,California
San Bernardino,2021-02-01,7542,160047,4231,96705,3311,63342,0,0,4926,92628,2613,33663,4926,126291,California
San Bernardino,2021-02-02,10404,170451,3651,100356,6753,70095,0,0,8357,98943,2043,35706,8358,134649,California
San Bernardino,2021-02-03,8980,179431,4146,104502,4834,74929,0,0,6490,102952,2482,38188,6491,141140,California
San Bernardino,2021-02-04,10507,189938,5191,109693,5316,80245,0,0,7436,107328,3060,41248,7436,148576,California
San Bernardino,2021-02-05,10984,200922,5911,115604,5073,85318,0,0,7460,111276,3513,44761,7461,156037,California
San Bernardino,2021-02-06,5252,206174,2205,117809,3047,88365,0,0,3616,113284,1611,46372,3619,159656,California
San Bernardino,2021-02-07,843,207017,490,118299,353,88718,0,0,466,113377,374,46746,467,160123,California
San Bernardino,2021-02-08,7275,214292,3878,122177,3397,92115,0,0,5608,117321,1664,48410,5608,165731,California
San Bernardino,2021-02-09,9897,224189,5813,127990,4084,96199,0,0,6672,120773,3223,51633,6675,172406,California
San Bernardino,2021-02-10,12005,236194,6531,134521,5474,101673,0,0,7839,124458,4155,55788,7840,180246,California
San Bernardino,2021-02-11,12330,248524,7108,141629,5222,106895,0,0,7884,127922,4423,60211,7887,188133,California
San Bernardino,2021-02-12,10344,258868,5927,147556,4417,111312,0,0,5689,128971,4640,64851,5689,193822,California
San Bernardino,2021-02-13,6020,264888,4001,151557,2019,113331,0,0,3782,130536,2222,67073,3787,197609,California
San Bernardino,2021-02-14,1549,266437,650,152207,899,114230,0,0,871,130737,670,67743,871,198480,California
San Bernardino,2021-02-15,5454,271891,2994,155201,2460,116690,0,0,3054,131405,2386,70129,3054,201534,California
San Bernardino,2021-02-16,12591,284482,7370,162571,5221,121911,0,0,7967,134762,4611,74740,7968,209502,California
San Bernardino,2021-02-17,11778,296260,6451,169022,5327,127238,0,0,7136,137275,4625,79365,7138,216640,California
San Bernardino,2021-02-18,12453,308713,7589,176611,4864,132102,0,0,7707,140252,4731,84096,7708,224348,California
San Bernardino,2021-02-19,11471,320184,5909,182520,5562,137664,0,0,6780,142359,4673,88769,6780,231128,California
San Bernardino,2021-02-20,4496,324680,3449,185969,1047,138711,0,0,2039,141944,2455,91224,2040,233168,California
San Bernardino,2021-02-21,1022,325702,567,186536,455,139166,0,0,326,141574,696,91920,326,233494,California
San Bernardino,2021-02-22,8618,334320,5319,191855,3299,142465,0,0,4028,141024,4579,96499,4029,237523,California
San Bernardino,2021-02-23,9086,343406,5417,197272,3669,146134,0,0,4570,141108,4486,100985,4570,242093,California
San Bernardino,2021-02-24,12343,355749,7144,204416,5199,151333,0,0,6080,140951,6238,107223,6081,248174,California
San Bernardino,2021-02-25,12985,368734,6263,210679,6722,158055,0,0,7555,143097,5412,112635,7558,255732,California
San Bernardino,2021-02-26,13542,382276,6370,217049,7172,165227,0,0,7539,144697,5942,118577,7542,263274,California
San Bernardino,2021-02-27,6604,388880,3673,220722,2930,168157,1,1,4785,147674,1809,120386,4786,268060,California
San Bernardino,2021-02-28,1734,390614,707,221429,1027,169184,0,1,1121,148187,608,120994,1121,269181,California
San Bernardino,2021-03-01,8387,399001,4323,225752,4062,173246,2,3,3820,147472,4545,125539,3830,273011,California
San Bernardino,2021-03-02,13631,412632,5353,231105,8278,181524,0,3,6419,146708,7186,132725,6422,279433,California
San Bernardino,2021-03-03,12654,425286,6430,237535,6222,187746,2,5,5865,145810,6770,139495,5872,285305,California
San Bernardino,2021-03-04,13651,438937,6859,244394,6792,194538,0,5,5931,144045,7699,147194,5934,291239,California
San Bernardino,2021-03-05,14140,453077,7310,251704,6829,201367,1,6,6838,143629,7273,154467,6857,298096,California
San Bernardino,2021-03-06,9559,462636,5311,257015,4033,205400,215,221,4442,143183,5102,159569,4656,302752,California
San Bernardino,2021-03-07,1569,464205,925,257940,589,205989,55,276,999,143669,568,160137,1054,303806,California
San Bernardino,2021-03-08,7962,472167,3493,261433,4309,210298,160,436,3505,142886,4451,164588,3668,307474,California
San Bernardino,2021-03-09,12593,484760,7025,268458,5324,215622,244,680,4860,140271,7720,172308,5105,312579,California
San Bernardino,2021-03-10,13980,498740,7677,276135,5774,221396,529,1209,6185,139221,7769,180077,6719,319298,California
San Bernardino,2021-03-11,15210,513950,7120,283255,6536,227932,1554,2763,7256,140093,7934,188011,8806,328104,California
San Bernardino,2021-03-12,15248,529198,6796,290051,6415,234347,2037,4800,7275,141506,7945,195956,9358,337462,California
San Bernardino,2021-03-13,8271,537469,4494,294545,3267,237614,510,5310,4899,143554,3362,199318,5410,342872,California
San Bernardino,2021-03-14,3213,540682,1609,296154,1032,238646,572,5882,1835,144583,1372,200690,2401,345273,California
San Bernardino,2021-03-15,11311,551993,5322,301476,3965,242611,2024,7906,5541,146384,5761,206451,7562,352835,California
San Bernardino,2021-03-16,16072,568065,7973,309449,7155,249766,944,8850,9822,150921,6226,212677,10763,363598,California
San Bernardino,2021-03-17,17060,585125,8573,318022,7739,257505,748,9598,10269,155165,6774,219451,11018,374616,California
San Bernardino,2021-03-18,16456,601581,8166,326188,7905,265410,385,9983,9732,158584,6698,226149,10117,384733,California
San Bernardino,2021-03-19,16798,618379,8330,334518,7881,273291,587,10570,9630,161711,7144,233293,10271,395004,California
San Bernardino,2021-03-20,9374,627753,5910,340428,2879,276170,585,11155,5563,164069,3787,237080,6145,401149,California
San Bernardino,2021-03-21,2749,630502,2238,342666,464,276634,47,11202,2228,165835,509,237589,2275,403424,California
San Bernardino,2021-03-22,9557,640059,4490,347156,4633,281267,434,11636,6936,170600,2605,240194,7370,410794,California
San Bernardino,2021-03-23,15421,655480,8743,355899,6056,287323,622,12258,9647,175114,5754,245948,10268,421062,California
San Bernardino,2021-03-24,14994,670474,7765,363664,6930,294253,299,12557,9988,180430,4972,250920,10288,431350,California
San Bernardino,2021-03-25,16886,687360,8286,371950,8304,302557,296,12853,10730,185342,6110,257030,11022,442372,California
San Bernardino,2021-03-26,17900,705260,8581,380531,8552,311109,767,13620,10879,189996,6992,264022,11646,454018,California
San Bernardino,2021-03-27,10704,715964,6892,387423,3063,314172,749,14369,6142,192340,4546,268568,6890,460908,California
San Bernardino,2021-03-28,3537,719501,2473,389896,951,315123,113,14482,2500,193922,1030,269598,2612,463520,California
San Bernardino,2021-03-29,11618,731119,6065,395961,5156,320279,397,14879,7928,198573,3674,273272,8325,471845,California
San Bernardino,2021-03-30,16772,747891,9409,405370,6656,326935,707,15586,10791,204117,5948,279220,11492,483337,California
San Bernardino,2021-03-31,16141,764032,9136,414506,6398,333333,607,16193,10819,210243,5298,284518,11424,494761,California
San Bernardino,2021-04-01,19390,783422,10237,424743,7798,341131,1355,17548,12515,217263,6842,291360,13862,508623,California
San Bernardino,2021-04-02,18542,801964,9322,434065,7951,349082,1269,18817,11235,222526,7281,298641,12544,521167,California
San Bernardino,2021-04-03,10920,812884,6823,440888,2974,352056,1123,19940,5984,224710,4920,303561,7104,528271,California
San Bernardino,2021-04-04,2452,815336,1485,442373,720,352776,247,20187,1258,225025,1189,304750,1504,529775,California
San Bernardino,2021-04-05,11671,827007,5237,447610,4709,357485,1725,21912,5982,227061,5668,310418,7704,537479,California
San Bernardino,2021-04-06,19570,846577,10999,458609,6482,363967,2089,24001,10386,230387,9147,319565,12473,549952,California
San Bernardino,2021-04-07,20711,867288,11068,469677,7196,371163,2447,26448,11331,234800,9353,328918,13766,563718,California
San Bernardino,2021-04-08,21555,888843,11040,480717,7926,379089,2589,29037,11932,239723,9593,338511,14516,578234,California
San Bernardino,2021-04-09,21435,910278,10877,491594,8024,387113,2534,31571,11677,244201,9725,348236,14203,592437,California
San Bernardino,2021-04-10,15512,925790,8044,499638,3792,390905,3676,35247,7717,247811,7774,356010,11384,603821,California
San Bernardino,2021-04-11,4374,930164,2553,502191,882,391787,939,36186,2025,248430,2343,358353,2962,606783,California
San Bernardino,2021-04-12,13258,943422,6144,508335,5484,397271,1630,37816,6275,249369,6964,365317,7903,614686,California
San Bernardino,2021-04-13,19131,962553,10919,519254,8194,405465,18,37834,10959,252199,8148,373465,10978,625664,California
San Bernardino,2021-04-14,18933,981486,10241,529495,8689,414154,3,37837,10833,254965,8071,381536,10837,636501,California
San Bernardino,2021-04-15,19963,1001449,11156,540651,8802,422956,5,37842,10627,256300,9300,390836,10635,647136,California
San Bernardino,2021-04-16,18425,1019874,10495,551146,7929,430885,1,37843,9123,256159,9264,400100,9123,656259,California
San Bernardino,2021-04-17,11838,1031712,7818,558964,4020,434905,0,37843,6226,256802,5583,405683,6226,662485,California
San Bernardino,2021-04-18,2870,1034582,1966,560930,904,435809,0,37843,1309,256562,1549,407232,1309,663794,California
San Bernardino,2021-04-19,12408,1046990,6615,567545,5793,441602,0,37843,4804,253786,7584,414816,4808,668602,California
San Bernardino,2021-04-20,17477,1064467,9755,577300,7719,449321,3,37846,8012,252357,9444,424260,8015,676617,California
San Bernardino,2021-04-21,17861,1082328,10269,587569,7590,456911,2,37848,7960,250471,9848,434108,7962,684579,California
San Bernardino,2021-04-22,19037,1101365,10898,598467,8135,465046,4,37852,7829,247146,11158,445266,7833,692412,California
San Bernardino,2021-04-23,18145,1119510,10326,608793,7817,472863,2,37854,7937,244924,10163,455429,7941,700353,California
San Bernardino,2021-04-24,12754,1132264,9441,618234,3311,476174,2,37856,6887,245964,5849,461278,6889,707242,California
San Bernardino,2021-04-25,3406,1135670,2236,620470,1170,477344,0,37856,1692,245956,1701,462979,1693,708935,California
San Bernardino,2021-04-26,9967,1145637,5319,625789,4560,481904,88,37944,4271,244650,5664,468643,4358,713293,California
San Bernardino,2021-04-27,15383,1161020,9181,634970,6036,487940,166,38110,6256,241985,9087,477730,6422,719715,California
San Bernardino,2021-04-28,13813,1174833,8217,643187,5329,493269,267,38377,4956,238375,8831,486561,5221,724936,California
San Bernardino,2021-04-29,13063,1187896,7225,650412,5593,498862,245,38622,4166,233921,8863,495424,4409,729345,California
San Bernardino,2021-04-30,12439,1200335,7943,658355,4353,503215,143,38765,4098,229854,8305,503729,4238,733583,California
San Bernardino,2021-05-01,7692,1208027,6334,664689,1171,504386,187,38952,2434,227239,5235,508964,2620,736203,California
San Bernardino,2021-05-02,776,1208803,543,665232,204,504590,29,38981,287,227069,485,509449,315,736518,California
San Diego,2020-12-15,119,119,119,119,0,0,0,0,119,119,0,0,119,119,California
San Diego,2020-12-16,1102,1221,1102,1221,0,0,0,0,1102,1221,0,0,1102,1221,California
San Diego,2020-12-17,2349,3570,2349,3570,0,0,0,0,2349,3570,0,0,2349,3570,California
San Diego,2020-12-18,3671,7241,3670,7240,1,1,0,0,3671,7241,0,0,3671,7241,California
San Diego,2020-12-19,2310,9551,2310,9550,0,1,0,0,2310,9551,0,0,2310,9551,California
San Diego,2020-12-20,1184,10735,1183,10733,1,2,0,0,1184,10735,0,0,1184,10735,California
San Diego,2020-12-21,3524,14259,3523,14256,1,3,0,0,3524,14259,0,0,3524,14259,California
San Diego,2020-12-22,4057,18316,3414,17670,643,646,0,0,4057,18316,0,0,4057,18316,California
San Diego,2020-12-23,3178,21494,1975,19645,1203,1849,0,0,3178,21494,0,0,3178,21494,California
San Diego,2020-12-24,2738,24232,2220,21865,518,2367,0,0,2738,24232,0,0,2738,24232,California
San Diego,2020-12-25,874,25106,873,22738,1,2368,0,0,874,25106,0,0,874,25106,California
San Diego,2020-12-26,3295,28401,2144,24882,1151,3519,0,0,3295,28401,0,0,3295,28401,California
San Diego,2020-12-27,2508,30909,1617,26499,891,4410,0,0,2507,30907,1,1,2507,30908,California
San Diego,2020-12-28,5901,36810,4213,30712,1688,6098,0,0,5901,36808,0,1,5901,36809,California
San Diego,2020-12-29,5591,42401,3015,33727,2576,8674,0,0,5591,42399,0,1,5591,42400,California
San Diego,2020-12-30,5952,48353,3107,36834,2845,11519,0,0,5952,48351,0,1,5952,48352,California
San Diego,2020-12-31,3037,51390,1053,37887,1984,13503,0,0,3037,51388,0,1,3037,51389,California
San Diego,2021-01-01,1006,52396,452,38339,554,14057,0,0,1005,52393,0,1,1005,52394,California
San Diego,2021-01-02,3762,56158,1320,39659,2442,16499,0,0,3762,56155,0,1,3762,56156,California
San Diego,2021-01-03,859,57017,632,40291,227,16726,0,0,858,57013,0,1,858,57014,California
San Diego,2021-01-04,3703,60720,2052,42343,1651,18377,0,0,3696,60709,0,1,3696,60710,California
San Diego,2021-01-05,4309,65029,2121,44464,2188,20565,0,0,3692,63800,613,614,3704,64414,California
San Diego,2021-01-06,4946,69975,2299,46763,2647,23212,0,0,3711,66303,1212,1826,3715,68129,California
San Diego,2021-01-07,5609,75584,2982,49745,2627,25839,0,0,3453,67613,2149,3975,3459,71588,California
San Diego,2021-01-08,7721,83305,4958,54703,2763,28602,0,0,3935,67795,3769,7744,3951,75539,California
San Diego,2021-01-09,2957,86262,1555,56258,1402,30004,0,0,1788,68432,1159,8903,1796,77335,California
San Diego,2021-01-10,1882,88144,1293,57551,589,30593,0,0,779,68129,1091,9994,788,78123,California
San Diego,2021-01-11,10332,98476,5860,63411,4472,35065,0,0,6806,71432,3519,13513,6822,84945,California
San Diego,2021-01-12,11204,109680,5317,68728,5887,40952,0,0,7830,76010,3365,16878,7943,92888,California
San Diego,2021-01-13,11479,121159,5025,73753,6454,47406,0,0,8932,82431,2534,19412,8955,101843,California
San Diego,2021-01-14,12368,133527,4753,78506,7615,55021,0,0,10200,90506,2159,21571,10234,112077,California
San Diego,2021-01-15,15125,148652,5353,83859,9772,64793,0,0,12485,100422,2621,24192,12537,124614,California
San Diego,2021-01-16,10771,159423,3595,87454,7176,71969,0,0,9325,108337,1441,25633,9356,133970,California
San Diego,2021-01-17,8683,168106,2500,89954,6183,78152,0,0,7844,115361,839,26472,7863,141833,California
San Diego,2021-01-18,12501,180607,5941,95895,6560,84712,0,0,9671,122295,2791,29263,9725,151558,California
San Diego,2021-01-19,14756,195363,5826,101721,8930,93642,0,0,11624,131060,3118,32381,11883,163441,California
San Diego,2021-01-20,18329,213692,6387,108108,11942,105584,0,0,15008,142942,3300,35681,15182,178623,California
San Diego,2021-01-21,17407,231099,5898,114006,11509,117093,0,0,16014,157722,1382,37063,16162,194785,California
San Diego,2021-01-22,17675,248774,4753,118759,12922,130015,0,0,15619,171397,2043,39106,15718,210503,California
San Diego,2021-01-23,14479,263253,5270,124029,9209,139224,0,0,12117,181221,2349,41455,12173,222676,California
San Diego,2021-01-24,11917,275170,3360,127389,8557,147781,0,0,10941,191223,974,42429,10976,233652,California
San Diego,2021-01-25,12222,287392,5751,133140,6471,154252,0,0,9203,197569,3012,45441,9358,243010,California
San Diego,2021-01-26,14947,302339,7648,140788,7299,161551,0,0,11663,206139,3279,48720,11849,254859,California
San Diego,2021-01-27,20764,323103,8128,148916,12636,174187,0,0,17674,220877,3076,51796,17814,272673,California
San Diego,2021-01-28,21307,344410,7649,156565,13658,187845,0,0,19042,237743,2255,54051,19121,291794,California
San Diego,2021-01-29,19706,364116,6463,163028,13243,201088,0,0,17279,252650,2417,56468,17324,309118,California
San Diego,2021-01-30,15904,380020,3667,166695,12237,213325,0,0,13226,263305,2668,59136,13323,322441,California
San Diego,2021-01-31,14798,394818,5753,172448,9045,222370,0,0,14440,277418,354,59490,14467,336908,California
San Diego,2021-02-01,20523,415341,7232,179680,13291,235661,0,0,17334,291653,3175,62665,17410,354318,California
San Diego,2021-02-02,23201,438542,8689,188369,14512,250173,0,0,19670,307969,3521,66186,19837,374155,California
San Diego,2021-02-03,27454,465996,11561,199930,15893,266066,0,0,23278,327270,4158,70344,23459,397614,California
San Diego,2021-02-04,24384,490380,10030,209960,14354,280420,0,0,19682,342549,4685,75029,19964,417578,California
San Diego,2021-02-05,25024,515404,8987,218947,16037,296457,0,0,18478,354996,6523,81552,18970,436548,California
San Diego,2021-02-06,20794,536198,8569,227516,12225,308682,0,0,17599,369629,3189,84741,17822,454370,California
San Diego,2021-02-07,12131,548329,5375,232891,6756,315438,0,0,10262,378296,1849,86590,10516,464886,California
San Diego,2021-02-08,20107,568436,8520,241411,11587,327025,0,0,12691,384275,7399,93989,13378,478264,California
San Diego,2021-02-09,20408,588844,8247,249658,12161,339186,0,0,13207,391370,7181,101170,14276,492540,California
San Diego,2021-02-10,22996,611840,9360,259018,13636,352822,0,0,13883,397544,9068,110238,15242,507782,California
San Diego,2021-02-11,23800,635640,10141,269159,13659,366481,0,0,12746,400940,11027,121265,14423,522205,California
San Diego,2021-02-12,23844,659484,7461,276620,16383,382864,0,0,11918,403208,11908,133173,14176,536381,California
San Diego,2021-02-13,20022,679506,9015,285635,11007,393871,0,0,10895,406178,9120,142293,12090,548471,California
San Diego,2021-02-14,11189,690695,7432,293067,3757,397628,0,0,6335,409311,4850,147143,7983,556454,California
San Diego,2021-02-15,15195,705890,7686,300753,7509,405137,0,0,7846,412963,7329,154472,10981,567435,California
San Diego,2021-02-16,19285,725175,11254,312007,8031,413168,0,0,9236,415498,10038,164510,12573,580008,California
San Diego,2021-02-17,23398,748573,10983,322990,12415,425583,0,0,8142,411949,15244,179754,11695,591703,California
San Diego,2021-02-18,23579,772152,12023,335013,11556,437139,0,0,7792,408565,15777,195531,12393,604096,California
San Diego,2021-02-19,15914,788066,10921,345934,4993,442132,0,0,6633,408031,9262,204793,8728,612824,California
San Diego,2021-02-20,10262,798328,6363,352297,3899,446031,0,0,5817,411640,4442,209235,8051,620875,California
San Diego,2021-02-21,11528,809856,10116,362413,1412,447443,0,0,5200,412808,6301,215536,7469,628344,California
San Diego,2021-02-22,12444,822300,10583,372996,1861,449304,0,0,5799,414398,6638,222174,8228,636572,California
San Diego,2021-02-23,25901,848201,14525,387521,11376,460680,0,0,9667,414736,16228,238402,16566,653138,California
San Diego,2021-02-24,28954,877155,12761,400282,16193,476873,0,0,6870,408061,22065,260467,15390,668528,California
San Diego,2021-02-25,33193,910348,14715,414997,18478,495351,0,0,10172,404575,23003,283470,19517,688045,California
San Diego,2021-02-26,33468,943816,12400,427397,21068,516419,0,0,12155,402619,21286,304756,19330,707375,California
San Diego,2021-02-27,21248,965064,9678,437075,11570,527989,0,0,11456,408737,9788,314544,15906,723281,California
San Diego,2021-02-28,15246,980310,9947,447022,5299,533288,0,0,9500,416246,5745,320289,13254,736535,California
San Diego,2021-03-01,24173,1004483,14248,461270,9924,543212,1,1,14688,426271,9411,329700,19436,755971,California
San Diego,2021-03-02,26085,1030568,14000,475270,12085,555297,0,1,12724,433315,13353,343053,20397,776368,California
San Diego,2021-03-03,33957,1064525,15883,491153,18071,573368,3,4,14060,435330,19882,362935,21897,798265,California
San Diego,2021-03-04,28283,1092808,14071,505224,14212,587580,0,4,12648,439694,15616,378551,19980,818245,California
San Diego,2021-03-05,28921,1121729,14824,520048,14015,601595,82,86,13495,444949,15412,393963,20667,838912,California
San Diego,2021-03-06,23361,1145090,9525,529573,13135,614730,701,787,10298,448127,13050,407013,16228,855140,California
San Diego,2021-03-07,18204,1163294,9298,538871,8336,623066,570,1357,6912,448882,11286,418299,12041,867181,California
San Diego,2021-03-08,23040,1186334,11168,550039,10973,634039,899,2256,11434,454542,11594,429893,17254,884435,California
San Diego,2021-03-09,25859,1212193,11947,561986,12157,646196,1755,4011,10109,456246,15738,445631,17442,901877,California
San Diego,2021-03-10,25260,1237453,10735,572721,12133,658329,2392,6403,9879,458554,15370,461001,17678,919555,California
San Diego,2021-03-11,28673,1266126,10999,583720,14076,672405,3598,10001,10017,458679,18638,479639,18763,938318,California
San Diego,2021-03-12,27068,1293194,9452,593172,14482,686887,3134,13135,9962,458218,17092,496731,16631,954949,California
San Diego,2021-03-13,25975,1319169,7297,600469,17074,703961,1604,14739,10076,458192,15896,512627,15870,970819,California
San Diego,2021-03-14,13704,1332873,5359,605828,7609,711570,736,15475,4786,457229,8911,521538,7948,978767,California
San Diego,2021-03-15,22021,1354894,10163,615991,11079,722649,779,16254,9054,457238,12949,534487,12958,991725,California
San Diego,2021-03-16,29915,1384809,15698,631689,13802,736451,415,16669,15657,462793,14234,548721,19789,1011514,California
San Diego,2021-03-17,26252,1411061,12153,643842,13390,749841,709,17378,16725,473199,9515,558236,19921,1031435,California
San Diego,2021-03-18,31396,1442457,17698,661540,12788,762629,910,18288,16931,479205,14431,572667,20437,1051872,California
San Diego,2021-03-19,30189,1472646,14302,675842,14895,777524,992,19280,19304,490351,10869,583536,22015,1073887,California
San Diego,2021-03-20,27780,1500426,8369,684211,17620,795144,1791,21071,21361,508695,6410,589946,24754,1098641,California
San Diego,2021-03-21,16487,1516913,12012,696223,3758,798902,717,21788,7681,511001,8794,598740,11100,1109741,California
San Diego,2021-03-22,22464,1539377,13101,709324,9116,808018,247,22035,14302,520701,8150,606890,17850,1127591,California
San Diego,2021-03-23,25950,1565327,13613,722937,12074,820092,263,22298,17139,531582,8797,615687,19678,1147269,California
San Diego,2021-03-24,29487,1594814,19706,742643,9418,829510,363,22661,17093,539875,12386,628073,20679,1167948,California
San Diego,2021-03-25,30241,1625055,18213,760856,11371,840881,657,23318,17942,548337,12283,640356,20745,1188693,California
San Diego,2021-03-26,32050,1657105,17868,778724,13626,854507,556,23874,17525,554900,14496,654852,21059,1209752,California
San Diego,2021-03-27,25443,1682548,10991,789715,14059,868566,393,24267,15722,563579,9705,664557,18384,1228136,California
San Diego,2021-03-28,15030,1697578,9189,798904,5785,874351,56,24323,9280,568647,5745,670302,10813,1238949,California
San Diego,2021-03-29,26640,1724218,12871,811775,13173,887524,596,24919,16458,577958,10173,680475,19484,1258433,California
San Diego,2021-03-30,33203,1757421,17894,829669,14539,902063,770,25689,22050,591490,11141,691616,24673,1283106,California
San Diego,2021-03-31,30352,1787773,18733,848402,10965,913028,654,26343,20605,604152,9730,701346,22392,1305498,California
San Diego,2021-04-01,34225,1821998,20032,868434,12805,925833,1388,27731,23259,619198,10939,712285,25985,1331483,California
San Diego,2021-04-02,35551,1857549,20612,889046,12319,938152,2620,30351,24113,635914,11421,723706,28137,1359620,California
San Diego,2021-04-03,30764,1888313,14419,903465,11785,949937,4560,34911,19698,650556,11055,734761,25697,1385317,California
San Diego,2021-04-04,8906,1897219,5076,908541,2931,952868,899,35810,4710,652231,4191,738952,5866,1391183,California
San Diego,2021-04-05,29614,1926833,15386,923927,11682,964550,2546,38356,19403,666720,10198,749150,24687,1415870,California
San Diego,2021-04-06,38577,1965410,20368,944295,12440,976990,5769,44125,22410,681426,16150,765300,30856,1446726,California
San Diego,2021-04-07,35614,2001024,21910,966205,9263,986253,4441,48566,20431,693546,15158,780458,27278,1474004,California
San Diego,2021-04-08,35013,2036037,21284,987489,9685,995938,4044,52610,21300,707822,13693,794151,27969,1501973,California
San Diego,2021-04-09,38129,2074166,22795,1010284,10274,1006212,5060,57670,20846,720212,17218,811369,29608,1531581,California
San Diego,2021-04-10,28950,2103116,11777,1022061,13228,1019440,3945,61615,15059,728540,13879,825248,22207,1553788,California
San Diego,2021-04-11,16171,2119287,10053,1032114,3852,1023292,2266,63881,7287,732857,8881,834129,13198,1566986,California
San Diego,2021-04-12,30533,2149820,12782,1044896,13454,1036746,4297,68178,17043,744367,13475,847604,24985,1591971,California
San Diego,2021-04-13,37051,2186871,17676,1062572,19340,1056086,35,68213,24715,760505,12318,859922,28456,1620427,California
San Diego,2021-04-14,32762,2219633,18765,1081337,13986,1070072,11,68224,17731,769238,15017,874939,23750,1644177,California
San Diego,2021-04-15,38954,2258587,20223,1101560,18729,1088801,2,68226,23643,782218,15286,890225,28266,1672443,California
San Diego,2021-04-16,33239,2291826,18495,1120055,14743,1103544,1,68227,19237,790404,13933,904158,22119,1694562,California
San Diego,2021-04-17,27621,2319447,13479,1133534,14142,1117686,0,68227,12258,791211,15266,919424,16073,1710635,California
San Diego,2021-04-18,14232,2333679,8885,1142419,5344,1123030,3,68230,6672,793931,7549,926973,10269,1720904,California
San Diego,2021-04-19,26311,2359990,13442,1155861,12868,1135898,1,68231,12494,795603,13800,940773,15472,1736376,California
San Diego,2021-04-20,38647,2398637,17482,1173343,21165,1157063,0,68231,19834,802179,18794,959567,25370,1761746,California
San Diego,2021-04-21,34822,2433459,20827,1194170,13995,1171058,0,68231,16896,807085,17896,977463,22802,1784548,California
San Diego,2021-04-22,44291,2477750,22754,1216924,21531,1192589,6,68237,22190,814317,22062,999525,29294,1813842,California
San Diego,2021-04-23,41969,2519719,25963,1242887,16004,1208593,2,68239,15609,814143,26334,1025859,26160,1840002,California
San Diego,2021-04-24,34238,2553957,18725,1261612,15498,1224091,15,68254,15413,818116,18796,1044655,22769,1862771,California
San Diego,2021-04-25,12434,2566391,7659,1269271,4775,1228866,0,68254,5853,819728,6573,1051228,8185,1870956,California
San Diego,2021-04-26,29866,2596257,14558,1283829,15185,1244051,123,68377,10057,818599,19802,1071030,18673,1889629,California
San Diego,2021-04-27,41323,2637580,22471,1306300,18452,1262503,400,68777,18136,822792,23162,1094192,27355,1916984,California
San Diego,2021-04-28,37103,2674683,21654,1327954,14811,1277314,638,69415,16677,827428,20403,1114595,25039,1942023,California
San Diego,2021-04-29,35821,2710504,22403,1350357,12814,1290128,604,70019,13882,828564,21917,1136512,23053,1965076,California
San Diego,2021-04-30,27740,2738244,16989,1367346,10256,1300384,495,70514,10168,828804,17555,1154067,17795,1982871,California
San Diego,2021-05-01,17037,2755281,6556,1373902,10119,1310503,362,70876,6269,829270,10763,1164830,11229,1994100,California
San Diego,2021-05-02,5119,2760400,4198,1378100,669,1311172,252,71128,1434,828260,3683,1168513,2673,1996773,California
San Francisco,2020-12-15,7,7,7,7,0,0,0,0,7,7,0,0,7,7,California
San Francisco,2020-12-16,229,236,229,236,0,0,0,0,229,236,0,0,229,236,California
San Francisco,2020-12-17,394,630,394,630,0,0,0,0,394,630,0,0,394,630,California
San Francisco,2020-12-18,877,1507,876,1506,1,1,0,0,877,1507,0,0,877,1507,California
San Francisco,2020-12-19,601,2108,601,2107,0,1,0,0,601,2108,0,0,601,2108,California
San Francisco,2020-12-20,484,2592,484,2591,0,1,0,0,484,2592,0,0,484,2592,California
San Francisco,2020-12-21,1161,3753,1161,3752,0,1,0,0,1161,3753,0,0,1161,3753,California
San Francisco,2020-12-22,1401,5154,1367,5119,34,35,0,0,1401,5154,0,0,1401,5154,California
San Francisco,2020-12-23,1335,6489,1045,6164,290,325,0,0,1335,6489,0,0,1335,6489,California
San Francisco,2020-12-24,841,7330,503,6667,338,663,0,0,841,7330,0,0,841,7330,California
San Francisco,2020-12-25,34,7364,29,6696,5,668,0,0,34,7364,0,0,34,7364,California
San Francisco,2020-12-26,245,7609,151,6847,94,762,0,0,245,7609,0,0,245,7609,California
San Francisco,2020-12-27,273,7882,60,6907,213,975,0,0,273,7882,0,0,273,7882,California
San Francisco,2020-12-28,1270,9152,686,7593,584,1559,0,0,1270,9152,0,0,1270,9152,California
San Francisco,2020-12-29,1242,10394,621,8214,621,2180,0,0,1242,10394,0,0,1242,10394,California
San Francisco,2020-12-30,1485,11879,779,8993,706,2886,0,0,1485,11879,0,0,1485,11879,California
San Francisco,2020-12-31,964,12843,411,9404,553,3439,0,0,963,12842,0,0,963,12842,California
San Francisco,2021-01-01,79,12922,67,9471,12,3451,0,0,79,12921,0,0,79,12921,California
San Francisco,2021-01-02,334,13256,302,9773,32,3483,0,0,334,13255,0,0,334,13255,California
San Francisco,2021-01-03,293,13549,101,9874,192,3675,0,0,292,13546,1,1,292,13547,California
San Francisco,2021-01-04,1838,15387,1357,11231,481,4156,0,0,1835,15378,3,4,1835,15382,California
San Francisco,2021-01-05,2234,17621,1416,12647,818,4974,0,0,2199,17544,35,39,2201,17583,California
San Francisco,2021-01-06,1869,19490,1161,13808,708,5682,0,0,1604,18886,263,302,1605,19188,California
San Francisco,2021-01-07,2061,21551,1203,15011,858,6540,0,0,1604,20036,454,756,1604,20792,California
San Francisco,2021-01-08,2330,23881,1630,16641,700,7240,0,0,1494,20699,831,1587,1494,22286,California
San Francisco,2021-01-09,1388,25269,893,17534,495,7735,0,0,884,21081,504,2091,886,23172,California
San Francisco,2021-01-10,919,26188,541,18075,378,8113,0,0,460,21083,458,2549,460,23632,California
San Francisco,2021-01-11,2502,28690,1870,19945,632,8745,0,0,1403,21386,1100,3649,1403,25035,California
San Francisco,2021-01-12,3087,31777,2058,22003,1029,9774,0,0,1894,22089,1193,4842,1896,26931,California
San Francisco,2021-01-13,2822,34599,1601,23604,1221,10995,0,0,1991,23249,831,5673,1991,28922,California
San Francisco,2021-01-14,2437,37036,1097,24701,1340,12335,0,0,1878,24568,559,6232,1878,30800,California
San Francisco,2021-01-15,2739,39775,1146,25847,1593,13928,0,0,2347,26527,390,6622,2349,33149,California
San Francisco,2021-01-16,2251,42026,964,26811,1287,15215,0,0,2086,28449,165,6787,2087,35236,California
San Francisco,2021-01-17,1919,43945,533,27344,1386,16601,0,0,1704,29938,215,7002,1704,36940,California
San Francisco,2021-01-18,1373,45318,588,27932,785,17386,0,0,1110,30788,262,7264,1112,38052,California
San Francisco,2021-01-19,2573,47891,1473,29405,1100,18486,0,0,1827,31869,746,8010,1827,39879,California
San Francisco,2021-01-20,2707,50598,1086,30491,1621,20107,0,0,1958,33082,746,8756,1959,41838,California
San Francisco,2021-01-21,3290,53888,928,31419,2362,22469,0,0,2471,34736,817,9573,2471,44309,California
San Francisco,2021-01-22,3178,57066,636,32055,2542,25011,0,0,2736,37032,440,10013,2736,47045,California
San Francisco,2021-01-23,3088,60154,608,32663,2480,27491,0,0,2722,39390,365,10378,2723,49768,California
San Francisco,2021-01-24,2422,62576,361,33024,2061,29552,0,0,2194,41359,225,10603,2194,51962,California
San Francisco,2021-01-25,4583,67159,1781,34805,2802,32354,0,0,3035,42849,1546,12149,3036,54998,California
San Francisco,2021-01-26,4665,71824,2136,36941,2529,34883,0,0,3074,44337,1588,13737,3076,58074,California
San Francisco,2021-01-27,4423,76247,2072,39013,2351,37234,0,0,3074,46066,1345,15082,3074,61148,California
San Francisco,2021-01-28,3751,79998,1552,40565,2199,39433,0,0,2590,47500,1156,16238,2590,63738,California
San Francisco,2021-01-29,4717,84715,1678,42243,3039,42472,0,0,3450,49690,1260,17498,3450,67188,California
San Francisco,2021-01-30,3770,88485,1838,44081,1932,44404,0,0,3322,52569,447,17945,3326,70514,California
San Francisco,2021-01-31,2351,90836,823,44904,1528,45932,0,0,2199,54618,151,18096,2200,72714,California
San Francisco,2021-02-01,3785,94621,1524,46428,2261,48193,0,0,2884,56602,901,18997,2885,75599,California
San Francisco,2021-02-02,4643,99264,1964,48392,2679,50872,0,0,2881,57727,1756,20753,2881,78480,California
San Francisco,2021-02-03,5050,104314,2367,50759,2683,53555,0,0,3748,60176,1300,22053,3749,82229,California
San Francisco,2021-02-04,5019,109333,2432,53191,2587,56142,0,0,3857,62873,1160,23213,3857,86086,California
San Francisco,2021-02-05,5934,115267,3194,56385,2740,58882,0,0,4592,66127,1339,24552,4593,90679,California
San Francisco,2021-02-06,5468,120735,3649,60034,1819,60701,0,0,4567,69797,899,25451,4569,95248,California
San Francisco,2021-02-07,4325,125060,3174,63208,1151,61852,0,0,3748,72972,576,26027,3751,98999,California
San Francisco,2021-02-08,6693,131753,4609,67817,2084,63936,0,0,5484,77266,1192,27219,5486,104485,California
San Francisco,2021-02-09,5920,137673,3986,71803,1934,65870,0,0,4367,80085,1549,28768,4368,108853,California
San Francisco,2021-02-10,6859,144532,4176,75979,2683,68553,0,0,5092,83421,1759,30527,5095,113948,California
San Francisco,2021-02-11,6700,151232,3973,79952,2727,71280,0,0,4891,86507,1806,32333,4892,118840,California
San Francisco,2021-02-12,5311,156543,2665,82617,2646,73926,0,0,3482,88161,1828,34161,3482,122322,California
San Francisco,2021-02-13,4358,160901,2547,85164,1811,75737,0,0,3035,89875,1323,35484,3037,125359,California
San Francisco,2021-02-14,3414,164315,2242,87406,1172,76909,0,0,2291,91045,1122,36606,2292,127651,California
San Francisco,2021-02-15,2770,167085,1505,88911,1265,78174,0,0,1676,91629,1092,37698,1676,129327,California
San Francisco,2021-02-16,4988,172073,2726,91637,2262,80436,0,0,2954,92562,2027,39725,2960,132287,California
San Francisco,2021-02-17,5396,177469,2679,94316,2717,83153,0,0,2958,93093,2428,42153,2959,135246,California
San Francisco,2021-02-18,5371,182840,2628,96944,2743,85896,0,0,2807,93339,2564,44717,2810,138056,California
San Francisco,2021-02-19,5633,188473,2644,99588,2989,88885,0,0,2930,93574,2697,47414,2932,140988,California
San Francisco,2021-02-20,4520,192993,2180,101768,2340,91225,0,0,1703,92469,2809,50223,1704,142692,California
San Francisco,2021-02-21,2736,195729,1369,103137,1367,92592,0,0,1141,92021,1590,51813,1142,143834,California
San Francisco,2021-02-22,5096,200825,3173,106310,1923,94515,0,0,2563,92060,2526,54339,2565,146399,California
San Francisco,2021-02-23,5450,206275,3082,109392,2368,96883,0,0,2759,92134,2685,57024,2759,149158,California
San Francisco,2021-02-24,8967,215242,5077,114469,3890,100773,0,0,4781,92739,4177,61201,4782,153940,California
San Francisco,2021-02-25,9757,224999,6859,121328,2898,103671,0,0,6304,95595,3450,64651,6306,160246,California
San Francisco,2021-02-26,11911,236910,7729,129057,4182,107853,0,0,7059,97801,4854,69505,7060,167306,California
San Francisco,2021-02-27,8900,245810,5663,134720,3236,111089,1,1,4506,97929,4380,73885,4508,171814,California
San Francisco,2021-02-28,7707,253517,5532,140252,2175,113264,0,1,3828,97881,3877,77762,3829,175643,California
San Francisco,2021-03-01,10687,264204,7177,147429,3508,116772,2,3,5172,97561,5497,83259,5177,180820,California
San Francisco,2021-03-02,8858,273062,5656,153085,3202,119974,0,3,5138,98988,3712,86971,5139,185959,California
San Francisco,2021-03-03,11009,284071,6326,159411,4682,124656,1,4,6016,100026,4982,91953,6020,191979,California
San Francisco,2021-03-04,8635,292706,5430,164841,3205,127861,0,4,4863,101123,3766,95719,4863,196842,California
San Francisco,2021-03-05,8671,301377,5137,169978,3531,131392,3,7,5444,103360,3211,98930,5448,202290,California
San Francisco,2021-03-06,6861,308238,4416,174394,2237,133629,208,215,4211,105114,2662,101592,4416,206706,California
San Francisco,2021-03-07,5125,313363,3976,178370,1092,134721,57,272,2882,105796,2257,103849,2939,209645,California
San Francisco,2021-03-08,7136,320499,5165,183535,1785,136506,186,458,5584,109983,1583,105432,5770,215415,California
San Francisco,2021-03-09,6710,327209,3935,187470,2401,138907,374,832,4583,112801,2134,107566,4952,220367,California
San Francisco,2021-03-10,10389,337598,5876,193346,4013,142920,500,1332,6348,115630,4021,111587,6850,227217,California
San Francisco,2021-03-11,10031,347629,6346,199692,2726,145646,959,2291,6587,119741,3428,115015,7539,234756,California
San Francisco,2021-03-12,10717,358346,6247,205939,3159,148805,1311,3602,5957,122268,4738,119753,7265,242021,California
San Francisco,2021-03-13,6574,364920,3829,209768,1689,150494,1056,4658,4068,124892,2498,122251,5122,247143,California
San Francisco,2021-03-14,7479,372399,4839,214607,2403,152897,237,4895,4037,125736,3430,125681,4274,251417,California
San Francisco,2021-03-15,11907,384306,9084,223691,1889,154786,934,5829,8247,131261,3648,129329,9173,260590,California
San Francisco,2021-03-16,12038,396344,8172,231863,3409,158195,457,6286,8757,137210,3264,132593,9213,269803,California
San Francisco,2021-03-17,13155,409499,8119,239982,4492,162687,544,6830,9505,143633,3622,136215,10045,279848,California
San Francisco,2021-03-18,9946,419445,6730,246712,2594,165281,622,7452,5659,145648,4262,140477,6277,286125,California
San Francisco,2021-03-19,12010,431455,8695,255407,2852,168133,463,7915,6394,146909,5592,146069,6853,292978,California
San Francisco,2021-03-20,8716,440171,6381,261788,1876,170009,459,8374,5200,149083,3487,149556,5661,298639,California
San Francisco,2021-03-21,6445,446616,5897,267685,414,170423,134,8508,3682,150149,2750,152306,3816,302455,California
San Francisco,2021-03-22,9730,456346,6825,274510,2061,172484,844,9352,5128,151535,4581,156887,5967,308422,California
San Francisco,2021-03-23,11133,467479,7356,281866,3130,175614,647,9999,6699,154475,4403,161290,7343,315765,California
San Francisco,2021-03-24,12273,479752,9384,291250,2354,177968,535,10534,6337,155447,5897,167187,6869,322634,California
San Francisco,2021-03-25,11790,491542,8631,299881,2597,180565,562,11096,5900,156083,5822,173009,6458,329092,California
San Francisco,2021-03-26,11835,503377,8190,308071,3415,183980,230,11326,6100,156705,5705,178714,6327,335419,California
San Francisco,2021-03-27,8619,511996,5747,313818,2527,186507,345,11671,3913,156273,4689,183403,4257,339676,California
San Francisco,2021-03-28,6571,518567,5237,319055,1292,187799,42,11713,3163,156090,3385,186788,3202,342878,California
San Francisco,2021-03-29,11365,529932,7869,326924,3313,191112,183,11896,5121,155173,6220,193008,5303,348181,California
San Francisco,2021-03-30,11473,541405,7162,334086,4021,195133,290,12186,6856,157726,4592,197600,7145,355326,California
San Francisco,2021-03-31,12083,553488,8023,342109,3764,198897,296,12482,5548,157060,6504,204104,5838,361164,California
San Francisco,2021-04-01,13716,567204,7282,349391,4796,203693,1638,14120,5974,156955,7713,211817,7608,368772,California
San Francisco,2021-04-02,14618,581822,6441,355832,6368,210061,1809,15929,6902,157965,7697,219514,8707,377479,California
San Francisco,2021-04-03,10378,592200,4779,360611,3814,213875,1785,17714,4817,159015,5549,225063,6599,384078,California
San Francisco,2021-04-04,8983,601183,4749,365360,2583,216458,1651,19365,3611,158918,5359,230422,5262,389340,California
San Francisco,2021-04-05,15897,617080,9741,375101,4282,220740,1874,21239,6362,157639,9512,239934,8233,397573,California
San Francisco,2021-04-06,15943,633023,9439,384540,4448,225188,2056,23295,6271,156309,9652,249586,8322,405895,California
San Francisco,2021-04-07,16739,649762,9961,394501,4556,229744,2222,25517,7052,155902,9668,259254,9261,415156,California
San Francisco,2021-04-08,14078,663840,6696,401197,2996,232740,4386,29903,4631,155480,9420,268674,8998,424154,California
San Francisco,2021-04-09,15688,679528,7590,408787,4771,237511,3327,33230,6688,156509,8971,277645,10000,434154,California
San Francisco,2021-04-10,13129,692657,5664,414451,5844,243355,1621,34851,7137,159290,5969,283614,8750,442904,California
San Francisco,2021-04-11,9961,702618,7455,421906,1337,244692,1169,36020,5196,160899,4753,288367,6362,449266,California
San Francisco,2021-04-12,10547,713165,6863,428769,2558,247250,1126,37146,4873,161243,5652,294019,5996,455262,California
San Francisco,2021-04-13,10672,723837,7258,436027,3402,250652,12,37158,5417,161441,5234,299253,5432,460694,California
San Francisco,2021-04-14,13249,737086,7992,444019,5256,255908,1,37159,6435,161094,6783,306036,6436,467130,California
San Francisco,2021-04-15,13558,750644,9399,453418,4158,260066,1,37160,8003,163575,5527,311563,8008,475138,California
San Francisco,2021-04-16,12875,763519,8676,462094,4155,264221,44,37204,7650,166073,5200,316763,7698,482836,California
San Francisco,2021-04-17,9968,773487,7273,469367,2694,266915,1,37205,7052,170230,2899,319662,7056,489892,California
San Francisco,2021-04-18,6570,780057,5023,474390,1546,268461,1,37206,4080,171841,2472,322134,4083,493975,California
San Francisco,2021-04-19,10798,790855,8102,482492,2691,271152,5,37211,6955,174983,3828,325962,6970,500945,California
San Francisco,2021-04-20,12248,803103,7150,489642,5097,276249,1,37212,8472,179702,3756,329718,8475,509420,California
San Francisco,2021-04-21,10480,813583,7486,497128,2990,279239,4,37216,6384,182024,4070,333788,6392,515812,California
San Francisco,2021-04-22,10342,823925,7676,504804,2665,281904,1,37217,5982,183676,4337,338125,5989,521801,California
San Francisco,2021-04-23,10160,834085,5807,510611,4353,286257,0,37217,6033,185617,4098,342223,6039,527840,California
San Francisco,2021-04-24,7887,841972,5441,516052,2446,288703,0,37217,4675,187106,3193,345416,4682,532522,California
San Francisco,2021-04-25,5031,847003,4338,520390,687,289390,6,37223,2957,188011,2061,347477,2966,535488,California
San Francisco,2021-04-26,7422,854425,5215,525605,2197,291587,10,37233,3648,187928,3753,351230,3670,539158,California
San Francisco,2021-04-27,7760,862185,5181,530786,2453,294040,126,37359,3819,187963,3919,355149,3954,543112,California
San Francisco,2021-04-28,8651,870836,6039,536825,2426,296466,186,37545,4362,188253,4265,359414,4555,547667,California
San Francisco,2021-04-29,6870,877706,3720,540545,2951,299417,199,37744,3238,188082,3610,363024,3439,551106,California
San Francisco,2021-04-30,8157,885863,3471,544016,4642,304059,44,37788,2662,185323,5469,368493,2710,553816,California
San Francisco,2021-05-01,4853,890716,2124,546140,2715,306774,14,37802,951,182404,3886,372379,967,554783,California
San Francisco,2021-05-02,3795,894511,1959,548099,1834,308608,2,37804,481,179582,3308,375687,486,555269,California
San Joaquin,2020-12-15,12,12,12,12,0,0,0,0,12,12,0,0,12,12,California
San Joaquin,2020-12-16,306,318,306,318,0,0,0,0,306,318,0,0,306,318,California
San Joaquin,2020-12-17,311,629,311,629,0,0,0,0,311,629,0,0,311,629,California
San Joaquin,2020-12-18,522,1151,518,1147,4,4,0,0,522,1151,0,0,522,1151,California
San Joaquin,2020-12-19,188,1339,188,1335,0,4,0,0,188,1339,0,0,188,1339,California
San Joaquin,2020-12-20,113,1452,112,1447,1,5,0,0,113,1452,0,0,113,1452,California
San Joaquin,2020-12-21,489,1941,489,1936,0,5,0,0,489,1941,0,0,489,1941,California
San Joaquin,2020-12-22,966,2907,846,2782,120,125,0,0,965,2906,0,0,965,2906,California
San Joaquin,2020-12-23,972,3879,913,3695,59,184,0,0,970,3876,0,0,970,3876,California
San Joaquin,2020-12-24,214,4093,186,3881,28,212,0,0,213,4089,0,0,213,4089,California
San Joaquin,2020-12-25,14,4107,14,3895,0,212,0,0,14,4103,0,0,14,4103,California
San Joaquin,2020-12-26,101,4208,29,3924,72,284,0,0,101,4204,0,0,101,4204,California
San Joaquin,2020-12-27,41,4249,28,3952,13,297,0,0,41,4245,0,0,41,4245,California
San Joaquin,2020-12-28,621,4870,420,4372,201,498,0,0,621,4866,0,0,621,4866,California
San Joaquin,2020-12-29,796,5666,671,5043,125,623,0,0,796,5662,0,0,796,5662,California
San Joaquin,2020-12-30,1006,6672,714,5757,292,915,0,0,1004,6666,0,0,1004,6666,California
San Joaquin,2020-12-31,452,7124,202,5959,250,1165,0,0,452,7118,0,0,452,7118,California
San Joaquin,2021-01-01,18,7142,11,5970,7,1172,0,0,18,7136,0,0,18,7136,California
San Joaquin,2021-01-02,261,7403,239,6209,22,1194,0,0,261,7397,0,0,261,7397,California
San Joaquin,2021-01-03,37,7440,19,6228,18,1212,0,0,36,7432,1,1,36,7433,California
San Joaquin,2021-01-04,473,7913,337,6565,136,1348,0,0,471,7902,1,2,471,7904,California
San Joaquin,2021-01-05,975,8888,643,7208,332,1680,0,0,807,8577,168,170,843,8747,California
San Joaquin,2021-01-06,1217,10105,704,7912,513,2193,0,0,915,9197,298,468,918,9665,California
San Joaquin,2021-01-07,1066,11171,671,8583,395,2588,0,0,779,9693,284,752,780,10445,California
San Joaquin,2021-01-08,1191,12362,819,9402,372,2960,0,0,708,9923,482,1234,712,11157,California
San Joaquin,2021-01-09,376,12738,300,9702,76,3036,0,0,247,10041,129,1363,247,11404,California
San Joaquin,2021-01-10,222,12960,114,9816,108,3144,0,0,170,10159,52,1415,170,11574,California
San Joaquin,2021-01-11,1519,14479,1315,11131,204,3348,0,0,858,10424,660,2075,925,12499,California
San Joaquin,2021-01-12,1422,15901,1018,12149,404,3752,0,0,654,10384,764,2839,724,13223,California
San Joaquin,2021-01-13,1522,17423,891,13040,631,4383,0,0,951,10770,570,3409,956,14179,California
San Joaquin,2021-01-14,1646,19069,874,13914,772,5155,0,0,1309,11777,317,3726,1324,15503,California
San Joaquin,2021-01-15,1593,20662,618,14532,975,6130,0,0,1379,12965,200,3926,1388,16891,California
San Joaquin,2021-01-16,1140,21802,192,14724,948,7078,0,0,1113,14052,26,3952,1113,18004,California
San Joaquin,2021-01-17,1613,23415,130,14854,1483,8561,0,0,1575,15591,38,3990,1577,19581,California
San Joaquin,2021-01-18,736,24151,237,15091,499,9060,0,0,616,16091,116,4106,616,20197,California
San Joaquin,2021-01-19,1852,26003,885,15976,967,10027,0,0,1173,16595,675,4781,1179,21376,California
San Joaquin,2021-01-20,2072,28075,1276,17252,796,10823,0,0,1426,17386,641,5422,1432,22808,California
San Joaquin,2021-01-21,1958,30033,886,18138,1072,11895,0,0,1564,18568,387,5809,1569,24377,California
San Joaquin,2021-01-22,1956,31989,913,19051,1043,12938,0,0,1813,20246,138,5947,1816,26193,California
San Joaquin,2021-01-23,891,32880,402,19453,489,13427,0,0,608,20575,282,6229,611,26804,California
San Joaquin,2021-01-24,342,33222,133,19586,209,13636,0,0,321,20877,19,6248,321,27125,California
San Joaquin,2021-01-25,1976,35198,1133,20719,843,14479,0,0,1417,21742,556,6804,1421,28546,California
San Joaquin,2021-01-26,2141,37339,1112,21831,1029,15508,0,0,1536,22679,603,7407,1540,30086,California
San Joaquin,2021-01-27,1720,39059,765,22596,955,16463,0,0,1230,23429,486,7893,1236,31322,California
San Joaquin,2021-01-28,2015,41074,757,23353,1258,17721,0,0,1376,24172,636,8529,1379,32701,California
San Joaquin,2021-01-29,2132,43206,1039,24392,1093,18814,0,0,1787,25626,340,8869,1794,34495,California
San Joaquin,2021-01-30,2156,45362,349,24741,1807,20621,0,0,1981,27436,173,9042,1983,36478,California
San Joaquin,2021-01-31,1553,46915,176,24917,1377,21998,0,0,1493,28874,56,9098,1494,37972,California
San Joaquin,2021-02-01,2478,49393,1308,26225,1170,23168,0,0,1750,29900,727,9825,1753,39725,California
San Joaquin,2021-02-02,2582,51975,1166,27391,1416,24584,0,0,1968,31317,555,10380,1972,41697,California
San Joaquin,2021-02-03,3052,55027,1207,28598,1845,26429,0,0,2189,32654,857,11237,2194,43891,California
San Joaquin,2021-02-04,3426,58453,1707,30305,1719,28148,0,0,2623,34483,797,12034,2626,46517,California
San Joaquin,2021-02-05,3206,61659,1854,32159,1352,29500,0,0,2353,35992,847,12881,2356,48873,California
San Joaquin,2021-02-06,1120,62779,785,32944,335,29835,0,0,945,36766,173,13054,947,49820,California
San Joaquin,2021-02-07,610,63389,484,33428,126,29961,0,0,409,36982,194,13248,410,50230,California
San Joaquin,2021-02-08,1771,65160,1031,34459,740,30701,0,0,1440,38116,310,13558,1444,51674,California
San Joaquin,2021-02-09,2089,67249,1133,35592,956,31657,0,0,1560,39218,459,14017,1561,53235,California
San Joaquin,2021-02-10,2553,69802,1250,36842,1303,32960,0,0,1336,39366,1188,15205,1336,54571,California
San Joaquin,2021-02-11,2921,72723,1500,38342,1421,34381,0,0,1713,39905,1179,16384,1718,56289,California
San Joaquin,2021-02-12,2795,75518,1120,39462,1675,36056,0,0,1581,40290,1201,17585,1586,57875,California
San Joaquin,2021-02-13,2108,77626,395,39857,1713,37769,0,0,846,39891,1251,18836,852,58727,California
San Joaquin,2021-02-14,1898,79524,260,40117,1638,39407,0,0,688,39395,1185,20021,689,59416,California
San Joaquin,2021-02-15,1973,81497,833,40950,1140,40547,0,0,1194,39842,751,20772,1198,60614,California
San Joaquin,2021-02-16,3140,84637,1368,42318,1772,42319,0,0,1740,40201,1388,22160,1747,62361,California
San Joaquin,2021-02-17,3259,87896,1261,43579,1998,44317,0,0,1858,40674,1389,23549,1862,64223,California
San Joaquin,2021-02-18,3317,91213,1362,44941,1955,46272,0,0,1896,41182,1395,24944,1903,66126,California
San Joaquin,2021-02-19,4154,95367,2314,47255,1840,48112,0,0,2368,41799,1752,26696,2369,68495,California
San Joaquin,2021-02-20,1533,96900,648,47903,885,48997,0,0,1057,42381,475,27171,1057,69552,California
San Joaquin,2021-02-21,633,97533,478,48381,155,49152,0,0,401,42554,229,27400,402,69954,California
San Joaquin,2021-02-22,3503,101036,2470,50851,1033,50185,0,0,2515,44116,958,28358,2520,72474,California
San Joaquin,2021-02-23,4254,105290,2580,53431,1674,51859,0,0,2622,45134,1608,29966,2626,75100,California
San Joaquin,2021-02-24,5670,110960,3374,56805,2296,54155,0,0,4086,47661,1563,31529,4090,79190,California
San Joaquin,2021-02-25,6278,117238,3879,60684,2399,56554,0,0,4057,49536,2192,33721,4067,83257,California
San Joaquin,2021-02-26,5428,122666,2834,63518,2594,59148,0,0,3734,51610,1668,35389,3742,86999,California
San Joaquin,2021-02-27,5410,128076,1607,65125,3803,62951,0,0,2592,51443,2773,38162,2606,89605,California
San Joaquin,2021-02-28,3035,131111,1086,66211,1949,64900,0,0,1996,52417,1025,39187,1999,91604,California
San Joaquin,2021-03-01,4044,135155,1778,67989,2266,67166,0,0,2285,52968,1743,40930,2294,93898,California
San Joaquin,2021-03-02,4146,139301,1652,69641,2494,69660,0,0,2600,54096,1529,42459,2657,96555,California
San Joaquin,2021-03-03,5727,145028,3398,73039,2327,71987,2,2,4140,56672,1566,44025,4142,100697,California
San Joaquin,2021-03-04,5648,150676,2240,75279,3405,75392,3,5,3694,58430,1944,45969,3702,104399,California
San Joaquin,2021-03-05,4393,155069,1860,77139,2530,77922,3,8,3033,60123,1347,47316,3040,107439,California
San Joaquin,2021-03-06,3276,158345,2159,79298,987,78909,130,138,2697,62377,576,47892,2830,110269,California
San Joaquin,2021-03-07,1202,159547,551,79849,605,79514,46,184,920,63064,264,48156,951,111220,California
San Joaquin,2021-03-08,3108,162655,1244,81093,1740,81254,124,308,2108,64305,990,49146,2231,113451,California
San Joaquin,2021-03-09,3949,166604,1775,82868,2048,83302,126,434,2613,65726,1321,50467,2742,116193,California
San Joaquin,2021-03-10,4615,171219,2451,85319,2026,85328,138,572,3400,68062,1202,51669,3538,119731,California
San Joaquin,2021-03-11,4903,176122,2324,87643,1982,87310,597,1169,2914,69599,1979,53648,3516,123247,California
San Joaquin,2021-03-12,6234,182356,3111,90754,2791,90101,332,1501,4146,72014,2069,55717,4484,127731,California
San Joaquin,2021-03-13,3043,185399,1439,92193,1478,91579,126,1627,2287,73684,749,56466,2419,130150,California
San Joaquin,2021-03-14,2148,187547,666,92859,1180,92759,302,1929,1036,73918,1108,57574,1342,131492,California
San Joaquin,2021-03-15,6034,193581,3473,96332,2158,94917,403,2332,3172,74667,2838,60412,3587,135079,California
San Joaquin,2021-03-16,6784,200365,3852,100184,2677,97594,255,2587,4007,76171,2766,63178,4270,139349,California
San Joaquin,2021-03-17,7724,208089,4630,104814,3024,100618,70,2657,4302,77161,3391,66569,4381,143730,California
San Joaquin,2021-03-18,7594,215683,4458,109272,2630,103248,506,3163,3760,77635,3799,70368,4273,148003,California
San Joaquin,2021-03-19,7879,223562,4616,113888,2721,105969,542,3705,4779,79919,3082,73450,5366,153369,California
San Joaquin,2021-03-20,3653,227215,2111,115999,1299,107268,243,3948,1830,80194,1810,75260,2085,155454,California
San Joaquin,2021-03-21,2093,229308,1487,117486,400,107668,206,4154,1190,80736,897,76157,1439,156893,California
San Joaquin,2021-03-22,3936,233244,2011,119497,1509,109177,416,4570,2338,81907,1588,77745,2759,159652,California
San Joaquin,2021-03-23,5331,238575,2612,122109,2553,111730,166,4736,3703,84169,1612,79357,3874,163526,California
San Joaquin,2021-03-24,6782,245357,4210,126319,2486,114216,86,4822,3020,83544,3739,83096,3114,166640,California
San Joaquin,2021-03-25,5486,250843,3247,129566,2198,116414,41,4863,3275,84675,2192,85288,3323,169963,California
San Joaquin,2021-03-26,6111,256954,2518,132084,3444,119858,149,5012,3229,85210,2862,88150,3397,173360,California
San Joaquin,2021-03-27,4590,261544,2605,134689,1942,121800,43,5055,1808,84313,2763,90913,1866,175226,California
San Joaquin,2021-03-28,2693,264237,1786,136475,882,122682,25,5080,1299,84348,1376,92289,1411,176637,California
San Joaquin,2021-03-29,3976,268213,2140,138615,1814,124496,22,5102,2017,84464,1950,94239,2066,178703,California
San Joaquin,2021-03-30,6128,274341,3124,141739,2932,127428,72,5174,3432,85321,2673,96912,3530,182233,California
San Joaquin,2021-03-31,6528,280869,4113,145852,2356,129784,59,5233,3315,85524,3199,100111,3402,185635,California
San Joaquin,2021-04-01,6279,287148,2930,148782,3268,133052,81,5314,2787,84979,3479,103590,2934,188569,California
San Joaquin,2021-04-02,6275,293423,2854,151636,2932,135984,489,5803,2500,84253,3755,107345,3029,191598,California
San Joaquin,2021-04-03,4100,297523,2311,153947,1463,137447,326,6129,1980,84465,2103,109448,2315,193913,California
San Joaquin,2021-04-04,2254,299777,1340,155287,712,138159,202,6331,1539,85507,708,110156,1750,195663,California
San Joaquin,2021-04-05,4436,304213,2808,158095,1459,139618,169,6500,2608,86479,1821,111977,2793,198456,California
San Joaquin,2021-04-06,6933,311146,4446,162541,2229,141847,258,6758,3283,86402,3630,115607,3553,202009,California
San Joaquin,2021-04-07,8249,319395,4487,167028,2191,144038,1571,8329,3468,86689,4767,120374,5054,207063,California
San Joaquin,2021-04-08,8593,327988,4643,171671,1933,145971,2017,10346,3280,86697,5293,125667,5301,212364,California
San Joaquin,2021-04-09,8688,336676,4175,175846,2969,148940,1544,11890,3094,85781,5574,131241,4658,217022,California
San Joaquin,2021-04-10,5141,341817,1611,177457,1626,150566,1904,13794,1713,85972,3424,134665,3615,220637,California
San Joaquin,2021-04-11,3991,345808,1529,178986,1298,151864,1164,14958,1691,86535,2288,136953,2851,223488,California
San Joaquin,2021-04-12,5827,351635,2255,181241,2041,153905,1531,16489,2215,86691,3596,140549,3752,227240,California
San Joaquin,2021-04-13,7364,358999,4227,185468,3132,157037,5,16494,4516,88387,2832,143381,4528,231768,California
San Joaquin,2021-04-14,7060,366059,3522,188990,3538,160575,0,16494,4135,89624,2907,146288,4144,235912,California
San Joaquin,2021-04-15,7569,373628,4417,193407,3152,163727,0,16494,4172,90438,3364,149652,4178,240090,California
San Joaquin,2021-04-16,6932,380560,3502,196909,3427,167154,3,16497,4007,91559,2900,152552,4021,244111,California
San Joaquin,2021-04-17,4940,385500,2599,199508,2340,169494,1,16498,3467,93579,1465,154017,3485,247596,California
San Joaquin,2021-04-18,2427,387927,1339,200847,1088,170582,0,16498,1299,93771,1114,155131,1306,248902,California
San Joaquin,2021-04-19,5021,392948,2675,203522,2346,172928,0,16498,2676,94134,2323,157454,2686,251588,California
San Joaquin,2021-04-20,6127,399075,3191,206713,2936,175864,0,16498,2892,93824,3213,160667,2903,254491,California
San Joaquin,2021-04-21,5259,404334,2763,209476,2496,178360,0,16498,2879,94372,2337,163004,2885,257376,California
San Joaquin,2021-04-22,5104,409438,2972,212448,2132,180492,0,16498,2934,95169,2144,165148,2941,260317,California
San Joaquin,2021-04-23,5759,415197,2726,215174,3032,183524,1,16499,3653,96739,2089,167237,3659,263976,California
San Joaquin,2021-04-24,4987,420184,3394,218568,1592,185116,1,16500,3198,98171,1772,169009,3204,267180,California
San Joaquin,2021-04-25,2673,422857,2204,220772,469,185585,0,16500,1656,98828,1005,170014,1662,268842,California
San Joaquin,2021-04-26,3459,426316,2216,222988,1242,186827,1,16501,1740,98864,1708,171722,1744,270586,California
San Joaquin,2021-04-27,4133,430449,2404,225392,1680,188507,49,16550,1760,98326,2356,174078,1818,272404,California
San Joaquin,2021-04-28,5262,435711,3094,228486,2093,190600,75,16625,2547,98274,2689,176767,2637,275041,California
San Joaquin,2021-04-29,4259,439970,2326,230812,1882,192482,51,16676,2073,98230,2174,178941,2130,277171,California
San Joaquin,2021-04-30,3557,443527,1457,232269,2082,194564,18,16694,1838,98385,1706,180647,1861,279032,California
San Joaquin,2021-05-01,2392,445919,1240,233509,1143,195707,9,16703,1523,99065,866,181513,1546,280578,California
San Joaquin,2021-05-02,1379,447298,878,234387,485,196192,16,16719,642,98990,734,182247,659,281237,California
San Luis Obispo,2020-12-16,4,4,4,4,0,0,0,0,4,4,0,0,4,4,California
San Luis Obispo,2020-12-17,196,200,196,200,0,0,0,0,196,200,0,0,196,200,California
San Luis Obispo,2020-12-18,224,424,224,424,0,0,0,0,224,424,0,0,224,424,California
San Luis Obispo,2020-12-19,162,586,162,586,0,0,0,0,162,586,0,0,162,586,California
San Luis Obispo,2020-12-20,215,801,215,801,0,0,0,0,215,801,0,0,215,801,California
San Luis Obispo,2020-12-21,548,1349,548,1349,0,0,0,0,548,1349,0,0,548,1349,California
San Luis Obispo,2020-12-22,308,1657,304,1653,4,4,0,0,308,1657,0,0,308,1657,California
San Luis Obispo,2020-12-23,681,2338,367,2020,314,318,0,0,681,2338,0,0,681,2338,California
San Luis Obispo,2020-12-24,194,2532,19,2039,175,493,0,0,194,2532,0,0,194,2532,California
San Luis Obispo,2020-12-25,2,2534,1,2040,1,494,0,0,2,2534,0,0,2,2534,California
San Luis Obispo,2020-12-26,89,2623,12,2052,77,571,0,0,89,2623,0,0,89,2623,California
San Luis Obispo,2020-12-27,76,2699,0,2052,76,647,0,0,76,2699,0,0,76,2699,California
San Luis Obispo,2020-12-28,880,3579,430,2482,450,1097,0,0,880,3579,0,0,880,3579,California
San Luis Obispo,2020-12-29,903,4482,502,2984,401,1498,0,0,903,4482,0,0,903,4482,California
San Luis Obispo,2020-12-30,1172,5654,681,3665,491,1989,0,0,1172,5654,0,0,1172,5654,California
San Luis Obispo,2020-12-31,106,5760,4,3669,102,2091,0,0,106,5760,0,0,106,5760,California
San Luis Obispo,2021-01-01,13,5773,8,3677,5,2096,0,0,13,5773,0,0,13,5773,California
San Luis Obispo,2021-01-02,33,5806,8,3685,25,2121,0,0,33,5806,0,0,33,5806,California
San Luis Obispo,2021-01-03,16,5822,6,3691,10,2131,0,0,16,5822,0,0,16,5822,California
San Luis Obispo,2021-01-04,678,6500,524,4215,154,2285,0,0,678,6500,0,0,678,6500,California
San Luis Obispo,2021-01-05,974,7474,756,4971,218,2503,0,0,972,7470,2,2,972,7472,California
San Luis Obispo,2021-01-06,725,8199,480,5451,245,2748,0,0,717,8180,7,9,717,8189,California
San Luis Obispo,2021-01-07,1126,9325,948,6399,178,2926,0,0,684,8422,442,451,684,8873,California
San Luis Obispo,2021-01-08,881,10206,804,7203,77,3003,0,0,512,8566,368,819,512,9385,California
San Luis Obispo,2021-01-09,204,10410,195,7398,9,3012,0,0,27,8416,177,996,27,9412,California
San Luis Obispo,2021-01-10,12,10422,8,7406,4,3016,0,0,8,8420,4,1000,8,9420,California
San Luis Obispo,2021-01-11,526,10948,475,7881,51,3067,0,0,266,8427,259,1259,266,9686,California
San Luis Obispo,2021-01-12,597,11545,380,8261,217,3284,0,0,319,8468,278,1537,319,10005,California
San Luis Obispo,2021-01-13,884,12429,255,8516,629,3913,0,0,646,8878,236,1773,646,10651,California
San Luis Obispo,2021-01-14,730,13159,244,8760,486,4399,0,0,605,9371,112,1885,605,11256,California
San Luis Obispo,2021-01-15,729,13888,287,9047,442,4841,0,0,554,9755,170,2055,554,11810,California
San Luis Obispo,2021-01-16,99,13987,81,9128,18,4859,0,0,94,9844,5,2060,94,11904,California
San Luis Obispo,2021-01-17,67,14054,61,9189,6,4865,0,0,67,9911,0,2060,67,11971,California
San Luis Obispo,2021-01-18,1372,15426,389,9578,983,5848,0,0,1110,10759,262,2322,1110,13081,California
San Luis Obispo,2021-01-19,1585,17011,417,9995,1168,7016,0,0,1177,11528,408,2730,1177,14258,California
San Luis Obispo,2021-01-20,1884,18895,596,10591,1288,8304,0,0,1293,12233,589,3319,1294,15552,California
San Luis Obispo,2021-01-21,1570,20465,466,11057,1104,9408,0,0,1197,13062,369,3688,1198,16750,California
San Luis Obispo,2021-01-22,1521,21986,508,11565,1013,10421,0,0,1206,13955,313,4001,1206,17956,California
San Luis Obispo,2021-01-23,312,22298,294,11859,18,10439,0,0,296,14235,16,4017,296,18252,California
San Luis Obispo,2021-01-24,245,22543,237,12096,8,10447,0,0,239,14468,6,4023,239,18491,California
San Luis Obispo,2021-01-25,2074,24617,606,12702,1468,11915,0,0,1244,14882,830,4853,1244,19735,California
San Luis Obispo,2021-01-26,2001,26618,703,13405,1298,13213,0,0,1135,15151,866,5719,1135,20870,California
San Luis Obispo,2021-01-27,1611,28229,284,13689,1327,14540,0,0,1152,15844,459,6178,1152,22022,California
San Luis Obispo,2021-01-28,1484,29713,342,14031,1142,15682,0,0,1224,16809,259,6437,1224,23246,California
San Luis Obispo,2021-01-29,1734,31447,681,14712,1053,16735,0,0,1450,17975,284,6721,1450,24696,California
San Luis Obispo,2021-01-30,37,31484,18,14730,19,16754,0,0,26,17991,10,6731,26,24722,California
San Luis Obispo,2021-01-31,26,31510,20,14750,6,16760,0,0,23,18011,3,6734,23,24745,California
San Luis Obispo,2021-02-01,1667,33177,704,15454,963,17723,0,0,1396,19137,270,7004,1396,26141,California
San Luis Obispo,2021-02-02,1894,35071,676,16130,1218,18941,0,0,1520,20283,374,7378,1520,27661,California
San Luis Obispo,2021-02-03,1704,36775,728,16858,976,19917,0,0,1291,21161,413,7791,1291,28952,California
San Luis Obispo,2021-02-04,1657,38432,800,17658,857,20774,0,0,1090,21684,567,8358,1090,30042,California
San Luis Obispo,2021-02-05,1603,40035,716,18374,887,21661,0,0,1059,22199,545,8903,1060,31102,California
San Luis Obispo,2021-02-06,159,40194,92,18466,67,21728,0,0,93,22226,66,8969,93,31195,California
San Luis Obispo,2021-02-07,144,40338,99,18565,45,21773,0,0,74,22231,70,9039,75,31270,California
San Luis Obispo,2021-02-08,855,41193,468,19033,387,22160,0,0,496,22369,358,9397,496,31766,California
San Luis Obispo,2021-02-09,1123,42316,448,19481,675,22835,0,0,541,22341,576,9973,548,32314,California
San Luis Obispo,2021-02-10,1427,43743,486,19967,941,23776,0,0,521,21962,903,10876,524,32838,California
San Luis Obispo,2021-02-11,1330,45073,844,20811,486,24262,0,0,655,21945,672,11548,655,33493,California
San Luis Obispo,2021-02-12,787,45860,363,21174,424,24686,0,0,417,21992,370,11918,417,33910,California
San Luis Obispo,2021-02-13,392,46252,126,21300,266,24952,0,0,284,22170,107,12025,285,34195,California
San Luis Obispo,2021-02-14,317,46569,41,21341,276,25228,0,0,281,22416,36,12061,282,34477,California
San Luis Obispo,2021-02-15,724,47293,137,21478,587,25815,0,0,467,22629,254,12315,467,34944,California
San Luis Obispo,2021-02-16,2962,50255,1194,22672,1768,27583,0,0,1359,22391,1597,13912,1359,36303,California
San Luis Obispo,2021-02-17,2775,53030,1238,23910,1537,29120,0,0,1029,21683,1737,15649,1029,37332,California
San Luis Obispo,2021-02-18,2812,55842,1446,25356,1366,30486,0,0,1123,21126,1681,17330,1124,38456,California
San Luis Obispo,2021-02-19,1452,57294,1332,26688,120,30606,0,0,1129,21933,322,17652,1129,39585,California
San Luis Obispo,2021-02-20,250,57544,80,26768,170,30776,0,0,214,22111,36,17688,214,39799,California
San Luis Obispo,2021-02-21,48,57592,44,26812,4,30780,0,0,29,22121,19,17707,29,39828,California
San Luis Obispo,2021-02-22,2402,59994,1857,28669,545,31325,0,0,1460,22640,942,18649,1461,41289,California
San Luis Obispo,2021-02-23,1854,61848,1739,30408,115,31440,0,0,1363,23514,490,19139,1364,42653,California
San Luis Obispo,2021-02-24,2644,64492,1301,31709,1343,32783,0,0,836,22544,1806,20945,836,43489,California
San Luis Obispo,2021-02-25,2130,66622,1243,32952,887,33670,0,0,1205,22832,918,21863,1206,44695,California
San Luis Obispo,2021-02-26,2643,69265,1148,34100,1495,35165,0,0,1324,22844,1312,23175,1324,46019,California
San Luis Obispo,2021-02-27,566,69831,340,34440,226,35391,0,0,520,23318,46,23221,520,46539,California
San Luis Obispo,2021-02-28,198,70029,73,34513,125,35516,0,0,163,23450,31,23252,163,46702,California
San Luis Obispo,2021-03-01,2954,72983,1841,36354,1112,36628,1,1,2033,24563,922,24174,2035,48737,California
San Luis Obispo,2021-03-02,2984,75967,1885,38239,1099,37727,0,1,1840,25264,1140,25314,1841,50578,California
San Luis Obispo,2021-03-03,2272,78239,331,38570,1941,39668,0,1,826,24651,1440,26754,827,51405,California
San Luis Obispo,2021-03-04,2175,80414,1147,39717,1028,40696,0,1,1166,24812,1007,27761,1168,52573,California
San Luis Obispo,2021-03-05,2294,82708,1017,40734,1207,41903,70,71,1289,25181,990,28751,1359,53932,California
San Luis Obispo,2021-03-06,832,83540,309,41043,416,42319,107,178,612,25674,220,28971,713,54645,California
San Luis Obispo,2021-03-07,199,83739,32,41075,83,42402,84,262,70,25701,128,29099,155,54800,California
San Luis Obispo,2021-03-08,2726,86465,753,41828,1659,44061,314,576,1543,26377,1180,30279,1856,56656,California
San Luis Obispo,2021-03-09,2914,89379,955,42783,1723,45784,236,812,1512,26727,1399,31678,1749,58405,California
San Luis Obispo,2021-03-10,3179,92558,1238,44021,1671,47455,270,1082,1815,27452,1360,33038,2085,60490,California
San Luis Obispo,2021-03-11,3096,95654,1272,45293,1522,48977,302,1384,1701,28068,1386,34424,2002,62492,California
San Luis Obispo,2021-03-12,3191,98845,1282,46575,1571,50548,338,1722,1583,28392,1600,36024,1924,64416,California
San Luis Obispo,2021-03-13,791,99636,260,46835,422,50970,109,1831,429,28568,361,36385,537,64953,California
San Luis Obispo,2021-03-14,513,100149,53,46888,349,51319,111,1942,134,28435,378,36763,245,65198,California
San Luis Obispo,2021-03-15,3048,103197,1096,47984,1854,53173,98,2040,1529,28546,1516,38279,1627,66825,California
San Luis Obispo,2021-03-16,2840,106037,1509,49493,1231,54404,100,2140,1445,28701,1389,39668,1544,68369,California
San Luis Obispo,2021-03-17,3421,109458,1448,50941,1712,56116,261,2401,1977,29503,1435,41103,2237,70606,California
San Luis Obispo,2021-03-18,2788,112246,1445,52386,1150,57266,193,2594,1338,29588,1446,42549,1531,72137,California
San Luis Obispo,2021-03-19,2584,114830,1562,53948,701,57967,321,2915,961,29257,1615,44164,1284,73421,California
San Luis Obispo,2021-03-20,831,115661,496,54444,299,58266,36,2951,384,29230,447,44611,420,73841,California
San Luis Obispo,2021-03-21,186,115847,45,54489,138,58404,3,2954,157,29361,29,44640,160,74001,California
San Luis Obispo,2021-03-22,2683,118530,1169,55658,1466,59870,48,3002,1863,30457,815,45455,1911,75912,California
San Luis Obispo,2021-03-23,3354,121884,2209,57867,1127,60997,18,3020,2262,31649,1088,46543,2280,78192,California
San Luis Obispo,2021-03-24,3481,125365,2129,59996,1282,62279,70,3090,2614,33470,862,47405,2683,80875,California
San Luis Obispo,2021-03-25,3657,129022,2285,62281,1360,63639,12,3102,2634,35095,1020,48425,2645,83520,California
San Luis Obispo,2021-03-26,3133,132155,1757,64038,956,64595,420,3522,1753,35892,1375,49800,2172,85692,California
San Luis Obispo,2021-03-27,992,133147,507,64545,393,64988,92,3614,451,35896,539,50339,543,86235,California
San Luis Obispo,2021-03-28,443,133590,151,64696,236,65224,56,3670,242,35993,201,50540,298,86533,California
San Luis Obispo,2021-03-29,2570,136160,1271,65967,1166,66390,133,3803,1652,36872,906,51446,1785,88318,California
San Luis Obispo,2021-03-30,3491,139651,1905,67872,1444,67834,142,3945,2341,38207,1146,52592,2481,90799,California
San Luis Obispo,2021-03-31,3833,143484,2452,70324,1234,69068,147,4092,2471,39471,1353,53945,2617,93416,California
San Luis Obispo,2021-04-01,3795,147279,2415,72739,1286,70354,94,4186,2683,41144,1104,55049,2777,96193,California
San Luis Obispo,2021-04-02,1747,149026,686,73425,750,71104,311,4497,950,41607,796,55845,1259,97452,California
San Luis Obispo,2021-04-03,1096,150122,552,73977,417,71521,127,4624,481,41605,610,56455,608,98060,California
San Luis Obispo,2021-04-04,378,150500,130,74107,208,71729,40,4664,232,41731,146,56601,272,98332,California
San Luis Obispo,2021-04-05,3595,154095,1943,76050,1542,73271,110,4774,2040,42327,1552,58153,2148,100480,California
San Luis Obispo,2021-04-06,4010,158105,2141,78191,1560,74831,309,5083,1952,42537,2051,60204,2261,102741,California
San Luis Obispo,2021-04-07,4252,162357,2335,80526,1577,76408,340,5423,2462,43563,1774,61978,2800,105541,California
San Luis Obispo,2021-04-08,3996,166353,2187,82713,1420,77828,389,5812,2171,44305,1818,63796,2560,108101,California
San Luis Obispo,2021-04-09,3601,169954,1707,84420,1152,78980,742,6554,1522,44495,2070,65866,2260,110361,California
San Luis Obispo,2021-04-10,1571,171525,559,84979,350,79330,662,7216,483,44551,1087,66953,1143,111504,California
San Luis Obispo,2021-04-11,311,171836,63,85042,185,79515,63,7279,124,44553,185,67138,187,111691,California
San Luis Obispo,2021-04-12,3360,175196,1693,86735,1504,81019,163,7442,1406,44168,1954,69092,1569,113260,California
San Luis Obispo,2021-04-13,3628,178824,2091,88826,1536,82555,1,7443,1963,44470,1663,70755,1965,115225,California
San Luis Obispo,2021-04-14,2842,181666,1676,90502,1163,83718,3,7446,1659,44959,1172,71927,1661,116886,California
San Luis Obispo,2021-04-15,3643,185309,2361,92863,1281,84999,1,7447,1941,45216,1685,73612,1942,118828,California
San Luis Obispo,2021-04-16,3598,188907,2186,95049,1409,86408,3,7450,1793,45210,1801,75413,1795,120623,California
San Luis Obispo,2021-04-17,1097,190004,432,95481,663,87071,2,7452,717,45550,379,75792,719,121342,California
San Luis Obispo,2021-04-18,318,190322,96,95577,221,87292,1,7453,109,45453,207,75999,110,121452,California
San Luis Obispo,2021-04-19,3067,193389,1284,96861,1745,89037,38,7491,1131,44688,1934,77933,1169,122621,California
San Luis Obispo,2021-04-20,3546,196935,1928,98789,1618,90655,0,7491,1372,43898,2162,80095,1372,123993,California
San Luis Obispo,2021-04-21,3888,200823,1782,100571,2106,92761,0,7491,1626,43277,2247,82342,1626,125619,California
San Luis Obispo,2021-04-22,4543,205366,2042,102613,2501,95262,0,7491,1497,41746,3030,85372,1499,127118,California
San Luis Obispo,2021-04-23,1468,206834,850,103463,614,95876,4,7495,703,41701,759,86131,714,127832,California
San Luis Obispo,2021-04-24,1078,207912,444,103907,615,96491,19,7514,495,41636,579,86710,514,128346,California
San Luis Obispo,2021-04-25,344,208256,162,104069,182,96673,0,7514,113,41519,230,86940,113,128459,California
San Luis Obispo,2021-04-26,898,209154,294,104363,587,97260,17,7531,335,41317,553,87493,351,128810,California
San Luis Obispo,2021-04-27,3508,212662,1805,106168,1638,98898,65,7596,1315,40508,2188,89681,1379,130189,California
San Luis Obispo,2021-04-28,3291,215953,1842,108010,1387,100285,62,7658,1143,39580,2133,91814,1205,131394,California
San Luis Obispo,2021-04-29,3151,219104,1841,109851,1239,101524,71,7729,1025,38560,2116,93930,1096,132490,California
San Luis Obispo,2021-04-30,2052,221156,1177,111028,864,102388,11,7740,637,37801,1407,95337,648,133138,California
San Luis Obispo,2021-05-01,124,221280,50,111078,54,102442,20,7760,37,37771,86,95423,56,133194,California
San Luis Obispo,2021-05-02,26,221306,9,111087,12,102454,5,7765,18,37786,8,95431,23,133217,California
San Mateo,2020-12-15,26,26,26,26,0,0,0,0,26,26,0,0,26,26,California
San Mateo,2020-12-16,110,136,110,136,0,0,0,0,110,136,0,0,110,136,California
San Mateo,2020-12-17,163,299,163,299,0,0,0,0,163,299,0,0,163,299,California
San Mateo,2020-12-18,741,1040,739,1038,2,2,0,0,741,1040,0,0,741,1040,California
San Mateo,2020-12-19,511,1551,511,1549,0,2,0,0,511,1551,0,0,511,1551,California
San Mateo,2020-12-20,509,2060,508,2057,1,3,0,0,509,2060,0,0,509,2060,California
San Mateo,2020-12-21,1155,3215,1155,3212,0,3,0,0,1155,3215,0,0,1155,3215,California
San Mateo,2020-12-22,1517,4732,1510,4722,7,10,0,0,1517,4732,0,0,1517,4732,California
San Mateo,2020-12-23,1573,6305,1385,6107,188,198,0,0,1573,6305,0,0,1573,6305,California
San Mateo,2020-12-24,867,7172,609,6716,258,456,0,0,867,7172,0,0,867,7172,California
San Mateo,2020-12-25,114,7286,110,6826,4,460,0,0,114,7286,0,0,114,7286,California
San Mateo,2020-12-26,561,7847,418,7244,143,603,0,0,561,7847,0,0,561,7847,California
San Mateo,2020-12-27,307,8154,176,7420,131,734,0,0,307,8154,0,0,307,8154,California
San Mateo,2020-12-28,1049,9203,703,8123,346,1080,0,0,1049,9203,0,0,1049,9203,California
San Mateo,2020-12-29,1130,10333,705,8828,425,1505,0,0,1130,10333,0,0,1130,10333,California
San Mateo,2020-12-30,1264,11597,760,9588,504,2009,0,0,1264,11597,0,0,1264,11597,California
San Mateo,2020-12-31,717,12314,232,9820,485,2494,0,0,716,12312,1,1,716,12313,California
San Mateo,2021-01-01,51,12365,38,9858,13,2507,0,0,51,12363,0,1,51,12364,California
San Mateo,2021-01-02,398,12763,269,10127,129,2636,0,0,398,12761,0,1,398,12762,California
San Mateo,2021-01-03,282,13045,207,10334,75,2711,0,0,279,13037,3,4,279,13041,California
San Mateo,2021-01-04,1053,14098,680,11014,373,3084,0,0,1053,14090,0,4,1053,14094,California
San Mateo,2021-01-05,1200,15298,705,11719,495,3579,0,0,1171,15233,29,33,1172,15266,California
San Mateo,2021-01-06,1447,16745,950,12669,497,4076,0,0,1266,16321,179,212,1267,16533,California
San Mateo,2021-01-07,1453,18198,807,13476,646,4722,0,0,1164,17204,282,494,1165,17698,California
San Mateo,2021-01-08,1840,20038,1191,14667,649,5371,0,0,1141,17654,692,1186,1142,18840,California
San Mateo,2021-01-09,1180,21218,776,15443,404,5775,0,0,723,17920,457,1643,723,19563,California
San Mateo,2021-01-10,702,21920,573,16016,129,5904,0,0,266,17750,436,2079,266,19829,California
San Mateo,2021-01-11,2594,24514,1485,17501,1109,7013,0,0,1528,18213,1067,3146,1530,21359,California
San Mateo,2021-01-12,3279,27793,1771,19272,1508,8521,0,0,2097,19133,1180,4326,2100,23459,California
San Mateo,2021-01-13,3477,31270,1750,21022,1727,10248,0,0,2444,20547,1033,5359,2447,25906,California
San Mateo,2021-01-14,3776,35046,1583,22605,2193,12441,0,0,3092,22960,684,6043,3097,29003,California
San Mateo,2021-01-15,4330,39376,1710,24315,2620,15061,0,0,3802,26238,526,6569,3804,32807,California
San Mateo,2021-01-16,3084,42460,776,25091,2308,17369,0,0,2765,28684,319,6888,2765,35572,California
San Mateo,2021-01-17,1311,43771,309,25400,1002,18371,0,0,1102,29577,209,7097,1102,36674,California
San Mateo,2021-01-18,1365,45136,533,25933,832,19203,0,0,990,30199,372,7469,994,37668,California
San Mateo,2021-01-19,2794,47930,1784,27717,1010,20213,0,0,2002,31412,789,8258,2002,39670,California
San Mateo,2021-01-20,2659,50589,1404,29121,1255,21468,0,0,1814,32385,842,9100,1815,41485,California
San Mateo,2021-01-21,2828,53417,1280,30401,1548,23016,0,0,2247,34055,580,9680,2250,43735,California
San Mateo,2021-01-22,2786,56203,1129,31530,1657,24673,0,0,2487,36246,297,9977,2488,46223,California
San Mateo,2021-01-23,2884,59087,1689,33219,1195,25868,0,0,2520,38403,364,10341,2521,48744,California
San Mateo,2021-01-24,1519,60606,374,33593,1145,27013,0,0,1209,39303,309,10650,1209,49953,California
San Mateo,2021-01-25,4429,65035,3146,36739,1283,28296,0,0,3534,41947,893,11543,3537,53490,California
San Mateo,2021-01-26,4298,69333,2983,39722,1315,29611,0,0,3394,44438,903,12446,3394,56884,California
San Mateo,2021-01-27,2780,72113,1463,41185,1317,30928,0,0,1785,45236,988,13434,1786,58670,California
San Mateo,2021-01-28,2796,74909,1349,42534,1447,32375,0,0,1948,46351,833,14267,1948,60618,California
San Mateo,2021-01-29,2976,77885,1335,43869,1641,34016,0,0,2144,47669,829,15096,2147,62765,California
San Mateo,2021-01-30,3375,81260,1476,45345,1899,35915,0,0,2918,50132,456,15552,2919,65684,California
San Mateo,2021-01-31,1681,82941,897,46242,784,36699,0,0,1518,51489,161,15713,1518,67202,California
San Mateo,2021-02-01,2924,85865,1345,47587,1579,38278,0,0,2216,53002,704,16417,2217,69419,California
San Mateo,2021-02-02,3172,89037,1728,49315,1444,39722,0,0,2157,54147,1012,17429,2157,71576,California
San Mateo,2021-02-03,4878,93915,1946,51261,2932,42654,0,0,3825,56923,1050,18479,3826,75402,California
San Mateo,2021-02-04,6288,100203,2587,53848,3701,46355,0,0,4930,60504,1352,19831,4933,80335,California
San Mateo,2021-02-05,6799,107002,2554,56402,4245,50600,0,0,4972,63666,1810,21641,4972,85307,California
San Mateo,2021-02-06,3282,110284,1917,58319,1365,51965,0,0,2618,65623,663,22304,2620,87927,California
San Mateo,2021-02-07,1897,112181,1343,59662,554,52519,0,0,1710,67146,187,22491,1710,89637,California
San Mateo,2021-02-08,5276,117457,2244,61906,3032,55551,0,0,3103,68140,2109,24600,3103,92740,California
San Mateo,2021-02-09,6182,123639,3220,65126,2962,58513,0,0,3338,68638,2840,27440,3338,96078,California
San Mateo,2021-02-10,6501,130140,3273,68399,3228,61741,0,0,3545,69236,2947,30387,3545,99623,California
San Mateo,2021-02-11,7051,137191,3580,71979,3471,65212,0,0,3813,69823,3229,33616,3816,103439,California
San Mateo,2021-02-12,6614,143805,2949,74928,3665,68877,0,0,4702,72618,1909,35525,4704,108143,California
San Mateo,2021-02-13,6088,149893,3991,78919,2097,70974,0,0,2637,71808,3447,38972,2637,110780,California
San Mateo,2021-02-14,4630,154523,3016,81935,1614,72588,0,0,1980,71143,2646,41618,1981,112761,California
San Mateo,2021-02-15,3166,157689,1457,83392,1709,74297,0,0,1788,71558,1374,42992,1789,114550,California
San Mateo,2021-02-16,7148,164837,1874,85266,5274,79571,0,0,5284,74981,1863,44855,5286,119836,California
San Mateo,2021-02-17,7056,171893,1934,87200,5122,84693,0,0,5069,78070,1982,46837,5071,124907,California
San Mateo,2021-02-18,6692,178585,4624,91824,2068,86761,0,0,4448,80280,2240,49077,4450,129357,California
San Mateo,2021-02-19,7809,186394,5609,97433,2200,88961,0,0,5819,84115,1984,51061,5819,135176,California
San Mateo,2021-02-20,3732,190126,2417,99850,1315,90276,0,0,2307,85004,1418,52479,2307,137483,California
San Mateo,2021-02-21,2304,192430,1463,101313,841,91117,0,0,1259,85223,1040,53519,1259,138742,California
San Mateo,2021-02-22,4418,196848,3195,104508,1223,92340,0,0,2784,86379,1628,55147,2784,141526,California
San Mateo,2021-02-23,4285,201133,3041,107549,1244,93584,0,0,2480,87060,1799,56946,2480,144006,California
San Mateo,2021-02-24,7265,208398,3247,110796,4018,97602,0,0,4844,89489,2416,59362,4845,148851,California
San Mateo,2021-02-25,9082,217480,4008,114804,5074,102676,0,0,6016,92454,3051,62413,6016,154867,California
San Mateo,2021-02-26,9759,227239,3712,118516,6047,108723,0,0,6838,96388,2908,65321,6842,161709,California
San Mateo,2021-02-27,6680,233919,3412,121928,3267,111990,1,1,3630,96979,3045,68366,3636,165345,California
San Mateo,2021-02-28,4123,238042,2505,124433,1618,113608,0,1,2554,97970,1564,69930,2555,167900,California
San Mateo,2021-03-01,5631,243673,3520,127953,2111,115719,0,1,2785,97921,2834,72764,2785,170685,California
San Mateo,2021-03-02,5781,249454,3976,131929,1804,117523,1,2,3330,98810,2443,75207,3332,174017,California
San Mateo,2021-03-03,8324,257778,3890,135819,4433,121956,1,3,3598,97694,4715,79922,3599,177616,California
San Mateo,2021-03-04,8403,266181,3932,139751,4469,126425,2,5,3799,96910,4587,84509,3803,181419,California
San Mateo,2021-03-05,9076,275257,5976,145727,3097,129522,3,8,6409,100679,2647,87156,6416,187835,California
San Mateo,2021-03-06,7837,283094,5428,151155,2233,131755,176,184,5729,104484,2099,89255,5904,193739,California
San Mateo,2021-03-07,3466,286560,2313,153468,1086,132841,67,251,2004,105097,1458,90713,2071,195810,California
San Mateo,2021-03-08,4427,290987,2469,155937,1741,134582,217,468,3208,107312,1211,91924,3426,199236,California
San Mateo,2021-03-09,4545,295532,2119,158056,2153,136735,273,741,3002,109050,1536,93460,3274,202510,California
San Mateo,2021-03-10,6914,302446,2641,160697,3988,140723,285,1026,4565,111563,2336,95796,4849,207359,California
San Mateo,2021-03-11,9116,311562,5722,166419,3003,143726,391,1417,3705,110275,5383,101179,4095,211454,California
San Mateo,2021-03-12,10486,322048,6603,173022,3508,147234,375,1792,3493,107168,6976,108155,3869,215323,California
San Mateo,2021-03-13,8098,330146,3415,176437,3058,150292,1625,3417,3911,108524,4176,112331,5532,220855,California
San Mateo,2021-03-14,4933,335079,3301,179738,1525,151817,107,3524,2903,109511,2023,114354,3010,223865,California
San Mateo,2021-03-15,7121,342200,4573,184311,2372,154189,176,3700,3765,110102,3350,117704,3941,227806,California
San Mateo,2021-03-16,11906,354106,4354,188665,7429,161618,123,3823,4856,108048,7035,124739,4981,232787,California
San Mateo,2021-03-17,10784,364890,4357,193022,6303,167921,124,3947,4888,107191,5873,130612,5016,237803,California
San Mateo,2021-03-18,7227,372117,4028,197050,3016,170937,183,4130,4305,108759,2918,133530,4486,242289,California
San Mateo,2021-03-19,7358,379475,4718,201768,1973,172910,667,4797,3609,109296,3739,137269,4276,246565,California
San Mateo,2021-03-20,8275,387750,6424,208192,1517,174427,334,5131,5404,112178,2856,140125,5738,252303,California
San Mateo,2021-03-21,4145,391895,3121,211313,793,175220,231,5362,2343,112957,1792,141917,2571,254874,California
San Mateo,2021-03-22,5214,397109,3540,214853,1257,176477,417,5779,2860,113892,2343,144260,3278,258152,California
San Mateo,2021-03-23,9762,406871,4436,219289,5130,181607,196,5975,4649,113652,5084,149344,4844,262996,California
San Mateo,2021-03-24,9424,416295,5428,224717,3856,185463,140,6115,4102,112632,5259,154603,4239,267235,California
San Mateo,2021-03-25,10000,426295,4868,229585,4864,190327,268,6383,4414,111832,5485,160088,4685,271920,California
San Mateo,2021-03-26,11135,437430,7657,237242,3313,193640,165,6548,4454,109807,6645,166733,4620,276540,California
San Mateo,2021-03-27,10427,447857,7962,245204,2361,196001,104,6652,4698,108895,5711,172444,4799,281339,California
San Mateo,2021-03-28,4213,452070,2700,247904,1402,197403,111,6763,2105,109013,2099,174543,2217,283556,California
San Mateo,2021-03-29,6008,458078,3743,251647,2013,199416,252,7015,2852,108978,3139,177682,3104,286660,California
San Mateo,2021-03-30,7055,465133,3997,255644,2905,202321,153,7168,4458,111006,2583,180265,4611,291271,California
San Mateo,2021-03-31,7192,472325,4545,260189,2509,204830,138,7306,4056,112079,3121,183386,4194,295465,California
San Mateo,2021-04-01,10383,482708,5092,265281,4112,208942,1179,8485,5577,114061,4771,188157,6753,302218,California
San Mateo,2021-04-02,10605,493313,5056,270337,3989,212931,1560,10045,5557,116146,5031,193188,7116,309334,California
San Mateo,2021-04-03,9628,502941,5466,275803,2432,215363,1730,11775,4850,117953,4774,197962,6581,315915,California
San Mateo,2021-04-04,5381,508322,2594,278397,1541,216904,1246,13021,1706,117238,3666,201628,2951,318866,California
San Mateo,2021-04-05,8927,517249,4747,283144,2446,219350,1734,14755,3853,117760,5064,206692,5586,324452,California
San Mateo,2021-04-06,13068,530317,8182,291326,3036,222386,1850,16605,7464,121490,5592,212284,9322,333774,California
San Mateo,2021-04-07,11307,541624,5243,296569,4394,226780,1670,18275,4802,121471,6485,218769,6466,340240,California
San Mateo,2021-04-08,9998,551622,4998,301567,2442,229222,2558,20833,4437,122911,5548,224317,6988,347228,California
San Mateo,2021-04-09,11203,562825,5434,307001,3297,232519,2472,23305,5045,124268,6156,230473,7513,354741,California
San Mateo,2021-04-10,11098,573923,5644,312645,4038,236557,1416,24721,4600,123805,6476,236949,6013,360754,California
San Mateo,2021-04-11,6600,580523,3273,315918,880,237437,2447,27168,2332,124317,4262,241211,4774,365528,California
San Mateo,2021-04-12,7286,587809,4460,320378,1871,239308,955,28123,3540,125083,3730,244941,4496,370024,California
San Mateo,2021-04-13,8100,595909,5058,325436,3033,242341,9,28132,4286,125572,3808,248749,4297,374321,California
San Mateo,2021-04-14,8324,604233,5413,330849,2909,245250,2,28134,4306,125878,4008,252757,4314,378635,California
San Mateo,2021-04-15,10937,615170,7267,338116,3669,248919,1,28135,7178,129323,3736,256493,7181,385816,California
San Mateo,2021-04-16,9923,625093,6857,344973,3050,251969,16,28151,6319,132074,3589,260082,6340,392156,California
San Mateo,2021-04-17,9590,634683,6404,351377,3183,255152,3,28154,6081,134662,3501,263583,6089,398245,California
San Mateo,2021-04-18,5388,640071,2580,353957,2808,257960,0,28154,3653,136596,1725,265308,3659,401904,California
San Mateo,2021-04-19,8309,648380,5403,359360,2906,260866,0,28154,5394,139090,2907,268215,5401,407305,California
San Mateo,2021-04-20,10186,658566,5648,365008,4538,265404,0,28154,6548,142026,3622,271837,6558,413863,California
San Mateo,2021-04-21,8895,667461,6010,371018,2885,268289,0,28154,5501,144151,3383,275220,5508,419371,California
San Mateo,2021-04-22,9347,676808,6203,377221,3143,271432,1,28155,5208,145256,4109,279329,5214,424585,California
San Mateo,2021-04-23,9303,686111,6090,383311,3213,274645,0,28155,5189,146369,4091,283420,5204,429789,California
San Mateo,2021-04-24,11182,697293,7995,391306,3187,277832,0,28155,6035,147283,5129,288549,6043,435832,California
San Mateo,2021-04-25,5482,702775,3849,395155,1632,279464,1,28156,3896,149613,1576,290125,3906,439738,California
San Mateo,2021-04-26,5925,708700,4340,399495,1578,281042,7,28163,3437,150585,2483,292608,3455,443193,California
San Mateo,2021-04-27,10600,719300,7510,407005,2986,284028,104,28267,4223,148559,6357,298965,4331,447524,California
San Mateo,2021-04-28,7361,726661,4240,411245,2919,286947,202,28469,3808,149028,3544,302509,4013,451537,California
San Mateo,2021-04-29,6316,732977,2670,413915,3476,290423,170,28639,2720,148348,3578,306087,2898,454435,California
San Mateo,2021-04-30,5603,738580,3533,417448,2046,292469,24,28663,2293,147376,3298,309385,2326,456761,California
San Mateo,2021-05-01,3604,742184,2157,419605,1441,293910,6,28669,1834,147460,1764,311149,1848,458609,California
San Mateo,2021-05-02,1431,743615,583,420188,848,294758,0,28669,704,147445,721,311870,706,459315,California
Santa Barbara,2020-12-15,2,2,2,2,0,0,0,0,2,2,0,0,2,2,California
Santa Barbara,2020-12-16,2,4,2,4,0,0,0,0,2,4,0,0,2,4,California
Santa Barbara,2020-12-17,54,58,54,58,0,0,0,0,54,58,0,0,54,58,California
Santa Barbara,2020-12-18,378,436,377,435,1,1,0,0,378,436,0,0,378,436,California
Santa Barbara,2020-12-19,325,761,325,760,0,1,0,0,325,761,0,0,325,761,California
Santa Barbara,2020-12-20,235,996,235,995,0,1,0,0,235,996,0,0,235,996,California
Santa Barbara,2020-12-21,651,1647,649,1644,2,3,0,0,651,1647,0,0,651,1647,California
Santa Barbara,2020-12-22,243,1890,241,1885,2,5,0,0,243,1890,0,0,243,1890,California
Santa Barbara,2020-12-23,320,2210,202,2087,118,123,0,0,320,2210,0,0,320,2210,California
Santa Barbara,2020-12-24,88,2298,40,2127,48,171,0,0,88,2298,0,0,88,2298,California
Santa Barbara,2020-12-26,326,2624,66,2193,260,431,0,0,326,2624,0,0,326,2624,California
Santa Barbara,2020-12-27,62,2686,1,2194,61,492,0,0,62,2686,0,0,62,2686,California
Santa Barbara,2020-12-28,356,3042,223,2417,133,625,0,0,356,3042,0,0,356,3042,California
Santa Barbara,2020-12-29,554,3596,360,2777,194,819,0,0,554,3596,0,0,554,3596,California
Santa Barbara,2020-12-30,587,4183,405,3182,182,1001,0,0,587,4183,0,0,587,4183,California
Santa Barbara,2020-12-31,240,4423,114,3296,126,1127,0,0,240,4423,0,0,240,4423,California
Santa Barbara,2021-01-01,110,4533,108,3404,2,1129,0,0,110,4533,0,0,110,4533,California
Santa Barbara,2021-01-02,587,5120,223,3627,364,1493,0,0,587,5120,0,0,587,5120,California
Santa Barbara,2021-01-03,23,5143,15,3642,8,1501,0,0,23,5143,0,0,23,5143,California
Santa Barbara,2021-01-04,309,5452,246,3888,63,1564,0,0,308,5451,0,0,308,5451,California
Santa Barbara,2021-01-05,752,6204,379,4267,373,1937,0,0,725,6149,27,27,725,6176,California
Santa Barbara,2021-01-06,655,6859,276,4543,379,2316,0,0,596,6687,58,85,596,6772,California
Santa Barbara,2021-01-07,1033,7892,711,5254,322,2638,0,0,527,6712,502,587,527,7299,California
Santa Barbara,2021-01-08,1201,9093,840,6094,361,2999,0,0,708,6927,493,1080,708,8007,California
Santa Barbara,2021-01-09,566,9659,293,6387,273,3272,0,0,320,7001,246,1326,320,8327,California
Santa Barbara,2021-01-10,62,9721,50,6437,12,3284,0,0,46,7031,16,1342,46,8373,California
Santa Barbara,2021-01-11,837,10558,668,7105,169,3453,0,0,614,7423,222,1564,614,8987,California
Santa Barbara,2021-01-12,1426,11984,634,7739,792,4245,0,0,1270,8537,156,1720,1270,10257,California
Santa Barbara,2021-01-13,1227,13211,280,8019,947,5192,0,0,1101,9512,126,1846,1101,11358,California
Santa Barbara,2021-01-14,1250,14461,134,8153,1116,6308,0,0,1196,10656,53,1899,1197,12555,California
Santa Barbara,2021-01-15,1801,16262,419,8572,1382,7690,0,0,1720,12296,80,1979,1720,14275,California
Santa Barbara,2021-01-16,1272,17534,202,8774,1070,8760,0,0,1233,13491,38,2017,1233,15508,California
Santa Barbara,2021-01-17,123,17657,20,8794,103,8863,0,0,120,13608,3,2020,120,15628,California
Santa Barbara,2021-01-18,1151,18808,417,9211,734,9597,0,0,966,14389,185,2205,966,16594,California
Santa Barbara,2021-01-19,1638,20446,569,9780,1069,10666,0,0,1360,15472,277,2482,1360,17954,California
Santa Barbara,2021-01-20,2013,22459,462,10242,1551,12217,0,0,1710,16880,302,2784,1710,19664,California
Santa Barbara,2021-01-21,3087,25546,1818,12060,1269,13486,0,0,2929,19652,158,2942,2930,22594,California
Santa Barbara,2021-01-22,3013,28559,1862,13922,1151,14637,0,0,2856,22354,154,3096,2856,25450,California
Santa Barbara,2021-01-23,1734,30293,1106,15028,628,15265,0,0,1224,23069,509,3605,1224,26674,California
Santa Barbara,2021-01-24,844,31137,752,15780,92,15357,0,0,835,23895,9,3614,835,27509,California
Santa Barbara,2021-01-25,1242,32379,500,16280,742,16099,0,0,1002,24657,240,3854,1002,28511,California
Santa Barbara,2021-01-26,2048,34427,468,16748,1580,17679,0,0,1660,25931,386,4240,1660,30171,California
Santa Barbara,2021-01-27,1163,35590,400,17148,763,18442,0,0,903,26576,259,4499,904,31075,California
Santa Barbara,2021-01-28,893,36483,297,17445,596,19038,0,0,679,27044,211,4710,679,31754,California
Santa Barbara,2021-01-29,1334,37817,539,17984,795,19833,0,0,981,27677,350,5060,983,32737,California
Santa Barbara,2021-01-30,1890,39707,1418,19402,472,20305,0,0,1486,28762,401,5461,1486,34223,California
Santa Barbara,2021-01-31,1454,41161,1216,20618,238,20543,0,0,1415,30138,39,5500,1415,35638,California
Santa Barbara,2021-02-01,940,42101,518,21136,422,20965,0,0,553,30304,387,5887,553,36191,California
Santa Barbara,2021-02-02,1821,43922,699,21835,1122,22087,0,0,1046,30577,773,6660,1046,37237,California
Santa Barbara,2021-02-03,1941,45863,1078,22913,863,22950,0,0,1499,31644,432,7092,1499,38736,California
Santa Barbara,2021-02-04,2774,48637,1862,24775,912,23862,0,0,2479,33833,290,7382,2479,41215,California
Santa Barbara,2021-02-05,2905,51542,2060,26835,845,24707,0,0,2262,35453,642,8024,2262,43477,California
Santa Barbara,2021-02-06,1207,52749,339,27174,868,25575,0,0,796,35838,411,8435,796,44273,California
Santa Barbara,2021-02-07,300,53049,262,27436,38,25613,0,0,265,36069,34,8469,265,44538,California
Santa Barbara,2021-02-08,955,54004,311,27747,644,26257,0,0,669,36452,286,8755,669,45207,California
Santa Barbara,2021-02-09,2438,56442,313,28060,2125,28382,0,0,1120,36263,1309,10064,1120,46327,California
Santa Barbara,2021-02-10,2762,59204,1498,29558,1264,29646,0,0,803,35116,1950,12014,803,47130,California
Santa Barbara,2021-02-11,4181,63385,2804,32362,1377,31023,0,0,623,32188,3551,15565,623,47753,California
Santa Barbara,2021-02-12,3308,66693,948,33310,2360,33383,0,0,772,30429,2531,18096,772,48525,California
Santa Barbara,2021-02-13,1235,67928,341,33651,894,34277,0,0,561,30319,671,18767,561,49086,California
Santa Barbara,2021-02-14,331,68259,34,33685,297,34574,0,0,285,30558,46,18813,285,49371,California
Santa Barbara,2021-02-15,965,69224,337,34022,628,35202,0,0,492,30582,468,19281,492,49863,California
Santa Barbara,2021-02-16,2109,71333,397,34419,1712,36914,0,0,716,29909,1389,20670,716,50579,California
Santa Barbara,2021-02-17,1434,72767,320,34739,1114,38028,0,0,521,29519,911,21581,521,51100,California
Santa Barbara,2021-02-18,3252,76019,2647,37386,605,38633,0,0,1519,29339,1699,23280,1519,52619,California
Santa Barbara,2021-02-19,3595,79614,2642,40028,953,39586,0,0,2329,30405,1263,24543,2329,54948,California
Santa Barbara,2021-02-20,2220,81834,1434,41462,786,40372,0,0,1668,31530,543,25086,1668,56616,California
Santa Barbara,2021-02-21,125,81959,97,41559,28,40400,0,0,58,31521,67,25153,58,56674,California
Santa Barbara,2021-02-22,935,82894,245,41804,690,41090,0,0,260,31112,669,25822,260,56934,California
Santa Barbara,2021-02-23,3182,86076,1044,42848,2138,43228,0,0,419,28770,2761,28583,419,57353,California
Santa Barbara,2021-02-24,3196,89272,1087,43935,2109,45337,0,0,721,27026,2465,31048,721,58074,California
Santa Barbara,2021-02-25,3450,92722,1917,45852,1533,46870,0,0,984,25552,2459,33507,985,59059,California
Santa Barbara,2021-02-26,3663,96385,2174,48026,1489,48359,0,0,1979,25854,1677,35184,1979,61038,California
Santa Barbara,2021-02-27,1527,97912,562,48588,965,49324,0,0,846,26027,675,35859,848,61886,California
Santa Barbara,2021-02-28,1084,98996,221,48809,863,50187,0,0,892,26733,187,36046,893,62779,California
Santa Barbara,2021-03-01,1629,100625,463,49272,1166,51353,0,0,1081,27278,537,36583,1082,63861,California
Santa Barbara,2021-03-02,2616,103241,413,49685,2203,53556,0,0,2120,28915,484,37067,2121,65982,California
Santa Barbara,2021-03-03,4625,107866,2099,51784,2525,56081,1,1,4031,32366,584,37651,4035,70017,California
Santa Barbara,2021-03-04,3413,111279,2280,54064,1133,57214,0,1,2861,34683,544,38195,2861,72878,California
Santa Barbara,2021-03-05,3807,115086,2158,56222,1590,58804,59,60,3083,37107,718,38913,3142,76020,California
Santa Barbara,2021-03-06,2434,117520,725,56947,1489,60293,220,280,1667,38230,763,39676,1886,77906,California
Santa Barbara,2021-03-07,559,118079,122,57069,308,60601,129,409,381,38564,177,39853,511,78417,California
Santa Barbara,2021-03-08,1572,119651,376,57445,854,61455,342,751,792,38924,774,40627,1134,79551,California
Santa Barbara,2021-03-09,2768,122419,324,57769,1674,63129,770,1521,719,38363,2046,42673,1485,81036,California
Santa Barbara,2021-03-10,2750,125169,544,58313,1159,64288,1047,2568,1033,38732,1711,44384,2080,83116,California
Santa Barbara,2021-03-11,5571,130740,3029,61342,1430,65718,1112,3680,2281,38842,3278,47662,3388,86504,California
Santa Barbara,2021-03-12,3656,134396,2092,63434,1135,66853,429,4109,2172,39964,1476,49138,2598,89102,California
Santa Barbara,2021-03-13,3470,137866,1923,65357,1338,68191,209,4318,2693,42091,776,49914,2903,92005,California
Santa Barbara,2021-03-14,776,138642,367,65724,352,68543,57,4375,458,42288,318,50232,515,92520,California
Santa Barbara,2021-03-15,2103,140745,694,66418,1118,69661,291,4666,1267,43011,833,51065,1556,94076,California
Santa Barbara,2021-03-16,3724,144469,1170,67588,2213,71874,341,5007,2741,45113,980,52045,3082,97158,California
Santa Barbara,2021-03-17,3295,147764,970,68558,1920,73794,405,5412,2305,46833,988,53033,2708,99866,California
Santa Barbara,2021-03-18,5118,152882,2797,71355,2121,75915,200,5612,3898,49723,1208,54241,4098,103964,California
Santa Barbara,2021-03-19,4437,157319,2764,74119,1341,77256,332,5944,3049,51719,1384,55625,3380,107344,California
Santa Barbara,2021-03-20,2161,159480,827,74946,1323,78579,11,5955,1327,52224,832,56457,1337,108681,California
Santa Barbara,2021-03-21,1162,160642,382,75328,751,79330,29,5984,838,52768,323,56780,867,109548,California
Santa Barbara,2021-03-22,2775,163417,1912,77240,819,80149,44,6028,2223,54490,545,57325,2267,111815,California
Santa Barbara,2021-03-23,4470,167887,2248,79488,2126,82275,96,6124,3710,57546,750,58075,3806,115621,California
Santa Barbara,2021-03-24,5384,173271,3155,82643,1496,83771,733,6857,2956,58825,2409,60484,3688,119309,California
Santa Barbara,2021-03-25,5541,178812,3275,85918,2079,85850,187,7044,2773,59031,2754,63238,2960,122269,California
Santa Barbara,2021-03-26,5075,183887,3217,89135,1560,87410,298,7342,2236,58742,2823,66061,2534,124803,California
Santa Barbara,2021-03-27,2924,186811,1221,90356,1660,89070,43,7385,1593,59050,1326,67387,1634,126437,California
Santa Barbara,2021-03-28,2768,189579,1646,92002,1094,90164,28,7413,1885,60086,878,68265,1914,128351,California
Santa Barbara,2021-03-29,4040,193619,2086,94088,1885,92049,69,7482,3232,62585,802,69067,3301,131652,California
Santa Barbara,2021-03-30,6785,200404,3506,97594,3131,95180,148,7630,4561,65083,2209,71276,4707,136359,California
Santa Barbara,2021-03-31,8634,209038,5511,103105,3058,98238,65,7695,5057,66644,3561,74837,5122,141481,California
Santa Barbara,2021-04-01,6987,216025,5172,108277,1557,99795,258,7953,4143,68212,2831,77668,4399,145880,California
Santa Barbara,2021-04-02,6587,222612,4518,112795,1477,101272,592,8545,3377,68977,3203,80871,3968,149848,California
Santa Barbara,2021-04-03,3779,226391,2098,114893,1613,102885,68,8613,2491,70251,1284,82155,2558,152406,California
Santa Barbara,2021-04-04,896,227287,444,115337,412,103297,40,8653,498,70393,396,82551,538,152944,California
Santa Barbara,2021-04-05,3442,230729,2270,117607,915,104212,257,8910,2153,71520,1283,83834,2410,155354,California
Santa Barbara,2021-04-06,5436,236165,2804,120411,2098,106310,534,9444,3322,73274,2100,85934,3854,159208,California
Santa Barbara,2021-04-07,5976,242141,3277,123688,2159,108469,540,9984,4072,75990,1894,87828,4610,163818,California
Santa Barbara,2021-04-08,7373,249514,5023,128711,637,109106,1713,11697,3406,77142,3965,91793,5117,168935,California
Santa Barbara,2021-04-09,7281,256795,4860,133571,1076,110182,1345,13042,3296,77801,3978,95771,4637,173572,California
Santa Barbara,2021-04-10,6636,263431,4596,138167,1424,111606,616,13658,4515,80814,2117,97888,5130,178702,California
Santa Barbara,2021-04-11,2653,266084,1941,140108,414,112020,298,13956,1834,82128,814,98702,2128,180830,California
Santa Barbara,2021-04-12,4442,270526,2864,142972,1024,113044,554,14510,1937,82118,2499,101201,2489,183319,California
Santa Barbara,2021-04-13,6294,276820,4136,147108,2152,115196,6,14516,2609,81049,3683,104884,2614,185933,California
Santa Barbara,2021-04-14,6736,283556,4413,151521,2321,117517,2,14518,4222,82767,2505,107389,4223,190156,California
Santa Barbara,2021-04-15,6936,290492,4091,155612,2844,120361,1,14519,3844,83533,3080,110469,3846,194002,California
Santa Barbara,2021-04-16,6372,296864,3746,159358,2615,122976,11,14530,4393,85972,1964,112433,4403,198405,California
Santa Barbara,2021-04-17,5307,302171,3867,163225,1440,124416,0,14530,4103,88879,1196,113629,4103,202508,California
Santa Barbara,2021-04-18,2121,304292,1472,164697,649,125065,0,14530,370,87503,1747,115376,371,202879,California
Santa Barbara,2021-04-19,3198,307490,2217,166914,976,126041,5,14535,1002,86318,2193,117569,1008,203887,California
Santa Barbara,2021-04-20,5872,313362,3948,170862,1923,127964,1,14536,1661,83780,4199,121768,1661,205548,California
Santa Barbara,2021-04-21,5476,318838,3638,174500,1838,129802,0,14536,1750,81816,3714,125482,1750,207298,California
Santa Barbara,2021-04-22,5068,323906,2545,177045,2522,132324,1,14537,1463,79689,3592,129074,1465,208763,California
Santa Barbara,2021-04-23,5530,329436,3875,180920,1655,133979,0,14537,1956,78081,3564,132638,1956,210719,California
Santa Barbara,2021-04-24,4418,333854,2876,183796,1537,135516,5,14542,1665,77006,2745,135383,1670,212389,California
Santa Barbara,2021-04-25,1832,335686,1186,184982,646,136162,0,14542,500,76182,1324,136707,500,212889,California
Santa Barbara,2021-04-26,2852,338538,1775,186757,1057,137219,20,14562,430,74216,2416,139123,450,213339,California
Santa Barbara,2021-04-27,3562,342100,1985,188742,1490,138709,87,14649,1075,72898,2479,141602,1161,214500,California
Santa Barbara,2021-04-28,4645,346745,2730,191472,1800,140509,115,14764,1306,70992,3328,144930,1422,215922,California
Santa Barbara,2021-04-29,4631,351376,3470,194942,1009,141518,152,14916,1207,68939,3413,148343,1360,217282,California
Santa Barbara,2021-04-30,3508,354884,2914,197856,513,142031,81,14997,885,67288,2617,150960,966,218248,California
Santa Barbara,2021-05-01,4269,359153,3524,201380,744,142775,1,14998,668,64364,3594,154554,670,218918,California
Santa Barbara,2021-05-02,169,359322,30,201410,55,142830,84,15082,73,64426,95,154649,157,219075,California
Santa Clara,2020-12-15,65,65,65,65,0,0,0,0,65,65,0,0,65,65,California
Santa Clara,2020-12-16,136,201,136,201,0,0,0,0,136,201,0,0,136,201,California
Santa Clara,2020-12-17,392,593,392,593,0,0,0,0,392,593,0,0,392,593,California
Santa Clara,2020-12-18,1673,2266,1673,2266,0,0,0,0,1673,2266,0,0,1673,2266,California
Santa Clara,2020-12-19,2077,4343,2077,4343,0,0,0,0,2076,4342,0,0,2076,4342,California
Santa Clara,2020-12-20,1897,6240,1891,6234,6,6,0,0,1894,6236,0,0,1894,6236,California
Santa Clara,2020-12-21,2670,8910,2670,8904,0,6,0,0,2668,8904,0,0,2668,8904,California
Santa Clara,2020-12-22,3122,12032,3113,12017,9,15,0,0,3119,12023,0,0,3119,12023,California
Santa Clara,2020-12-23,3257,15289,3072,15089,185,200,0,0,3255,15278,0,0,3255,15278,California
Santa Clara,2020-12-24,1897,17186,1711,16800,186,386,0,0,1891,17168,1,1,1891,17169,California
Santa Clara,2020-12-25,343,17529,342,17142,1,387,0,0,343,17511,0,1,343,17512,California
Santa Clara,2020-12-26,1263,18792,1031,18173,232,619,0,0,1262,18773,0,1,1262,18774,California
Santa Clara,2020-12-27,647,19439,507,18680,140,759,0,0,647,19420,0,1,647,19421,California
Santa Clara,2020-12-28,2330,21769,1728,20408,602,1361,0,0,2330,21750,0,1,2330,21751,California
Santa Clara,2020-12-29,2327,24096,1467,21875,860,2221,0,0,2325,24075,0,1,2325,24076,California
Santa Clara,2020-12-30,2991,27087,1900,23775,1091,3312,0,0,2989,27062,2,3,2989,27065,California
Santa Clara,2020-12-31,1210,28297,386,24161,824,4136,0,0,1209,28270,1,4,1209,28274,California
Santa Clara,2021-01-01,141,28438,10,24171,131,4267,0,0,140,28409,1,5,140,28414,California
Santa Clara,2021-01-02,1081,29519,812,24983,269,4536,0,0,1081,29490,0,5,1081,29495,California
Santa Clara,2021-01-03,583,30102,368,25351,215,4751,0,0,578,30065,3,8,578,30073,California
Santa Clara,2021-01-04,2468,32570,1669,27020,799,5550,0,0,2465,32530,0,8,2465,32538,California
Santa Clara,2021-01-05,3064,35634,2008,29028,1056,6606,0,0,2876,35225,187,195,2882,35420,California
Santa Clara,2021-01-06,3324,38958,1958,30986,1366,7972,0,0,2750,37406,570,765,2751,38171,California
Santa Clara,2021-01-07,4214,43172,2556,33542,1658,9630,0,0,3146,39499,1058,1823,3151,41322,California
Santa Clara,2021-01-08,5841,49013,3818,37360,2023,11653,0,0,3789,41240,2048,3871,3789,45111,California
Santa Clara,2021-01-09,2972,51985,1863,39223,1109,12762,0,0,1688,41647,1284,5155,1691,46802,California
Santa Clara,2021-01-10,1956,53941,1512,40735,444,13206,0,0,743,41178,1212,6367,743,47545,California
Santa Clara,2021-01-11,5937,59878,3737,44472,2200,15406,0,0,3375,41997,2561,8928,3380,50925,California
Santa Clara,2021-01-12,6802,66680,3399,47871,3403,18809,0,0,4559,44315,2242,11170,4560,55485,California
Santa Clara,2021-01-13,7363,74043,3043,50914,4320,23129,0,0,5197,47349,2164,13334,5198,60683,California
Santa Clara,2021-01-14,8223,82266,2789,53703,5434,28563,0,0,6485,52103,1733,15067,6487,67170,California
Santa Clara,2021-01-15,9451,91717,2682,56385,6769,35332,0,0,8135,58930,1313,16380,8140,75310,California
Santa Clara,2021-01-16,4299,96016,1226,57611,3073,38405,0,0,3467,61569,828,17208,3467,78777,California
Santa Clara,2021-01-17,3215,99231,603,58214,2612,41017,0,0,2718,63790,497,17705,2718,81495,California
Santa Clara,2021-01-18,5087,104318,1151,59365,3936,44953,0,0,4535,67774,552,18257,4536,86031,California
Santa Clara,2021-01-19,8467,112785,2664,62029,5803,50756,0,0,6793,72899,1671,19928,6796,92827,California
Santa Clara,2021-01-20,7996,120781,4024,66053,3972,54728,0,0,6455,77818,1536,21464,6455,99282,California
Santa Clara,2021-01-21,8553,129334,3647,69700,4906,59634,0,0,7399,84067,1152,22616,7401,106683,California
Santa Clara,2021-01-22,8583,137917,3203,72903,5380,65014,0,0,8020,91528,562,23178,8023,114706,California
Santa Clara,2021-01-23,3781,141698,1688,74591,2093,67107,0,0,2823,93394,958,24136,2824,117530,California
Santa Clara,2021-01-24,2824,144522,1421,76012,1403,68510,0,0,2338,95249,483,24619,2338,119868,California
Santa Clara,2021-01-25,8371,152893,3784,79796,4587,73097,0,0,6308,99506,2055,26674,6312,126180,California
Santa Clara,2021-01-26,8234,161127,3765,83561,4469,77566,0,0,6118,103520,2106,28780,6120,132300,California
Santa Clara,2021-01-27,8708,169835,3824,87385,4884,82450,0,0,6786,108406,1901,30681,6787,139087,California
Santa Clara,2021-01-28,9450,179285,3791,91176,5659,88109,0,0,7496,113972,1934,32615,7500,146587,California
Santa Clara,2021-01-29,9502,188787,3938,95114,5564,93673,0,0,7334,119148,2159,34774,7335,153922,California
Santa Clara,2021-01-30,4179,192966,2071,97185,2108,95781,0,0,2974,120925,1198,35972,2975,156897,California
Santa Clara,2021-01-31,2172,195138,1303,98488,869,96650,0,0,1581,121918,588,36560,1581,158478,California
Santa Clara,2021-02-01,7829,202967,3484,101972,4345,100995,0,0,6142,126381,1680,38240,6143,164621,California
Santa Clara,2021-02-02,8517,211484,2872,104844,5645,106640,0,0,6523,130919,1988,40228,6526,171147,California
Santa Clara,2021-02-03,9193,220677,3481,108325,5712,112352,0,0,6917,135572,2270,42498,6923,178070,California
Santa Clara,2021-02-04,10882,231559,4115,112440,6767,119119,0,0,8603,141909,2269,44767,8606,186676,California
Santa Clara,2021-02-05,11902,243461,4343,116783,7559,126678,0,0,8445,146913,3442,48209,8446,195122,California
Santa Clara,2021-02-06,5181,248642,2817,119600,2364,129042,0,0,4018,149774,1159,49368,4020,199142,California
Santa Clara,2021-02-07,3472,252114,2347,121947,1125,130167,0,0,3019,152342,452,49820,3020,202162,California
Santa Clara,2021-02-08,10005,262119,3479,125426,6526,136693,0,0,7290,156932,2701,52521,7291,209453,California
Santa Clara,2021-02-09,11148,273267,3811,129237,7337,144030,0,0,7670,161137,3468,55989,7673,217126,California
Santa Clara,2021-02-10,12621,285888,4895,134132,7726,151756,0,0,6896,162323,5712,61701,6898,224024,California
Santa Clara,2021-02-11,13477,299365,4710,138842,8767,160523,0,0,7683,164227,5780,67481,7684,231708,California
Santa Clara,2021-02-12,14534,313899,4483,143325,10051,170574,0,0,7010,163735,7504,74985,7012,238720,California
Santa Clara,2021-02-13,6061,319960,1449,144774,4612,175186,0,0,2209,162100,3846,78831,2211,240931,California
Santa Clara,2021-02-14,4613,324573,1140,145914,3473,178659,0,0,1468,160426,3144,81975,1470,242401,California
Santa Clara,2021-02-15,6249,330822,2796,148710,3453,182112,0,0,2703,159590,3539,85514,2703,245104,California
Santa Clara,2021-02-16,13755,344577,3994,152704,9761,191873,0,0,6923,159698,6815,92329,6923,252027,California
Santa Clara,2021-02-17,14061,358638,5487,158191,8574,200447,0,0,7046,159752,6997,99326,7051,259078,California
Santa Clara,2021-02-18,14173,372811,8350,166541,5823,206270,0,0,7225,160074,6906,106232,7228,266306,California
Santa Clara,2021-02-19,14796,387607,9516,176057,5280,211550,0,0,8611,162520,6169,112401,8615,274921,California
Santa Clara,2021-02-20,6811,394418,5098,181155,1713,213263,0,0,3674,163066,3128,115529,3674,278595,California
Santa Clara,2021-02-21,3242,397660,2426,183581,816,214079,0,0,1164,162162,2070,117599,1166,279761,California
Santa Clara,2021-02-22,10152,407812,6081,189662,4071,218150,0,0,4736,161493,5406,123005,4737,284498,California
Santa Clara,2021-02-23,11861,419673,7697,197359,4164,222314,0,0,6731,163111,5117,128122,6735,291233,California
Santa Clara,2021-02-24,14122,433795,9092,206451,5030,227344,0,0,8742,166489,5364,133486,8742,299975,California
Santa Clara,2021-02-25,14586,448381,9233,215684,5353,232697,0,0,7874,167677,6691,140177,7879,307854,California
Santa Clara,2021-02-26,14550,462931,8434,224118,6116,238813,0,0,7997,169150,6527,146704,8000,315854,California
Santa Clara,2021-02-27,8054,470985,5494,229612,2559,241372,1,1,4454,170022,3590,150294,4462,320316,California
Santa Clara,2021-02-28,4713,475698,3067,232679,1646,243018,0,1,2203,169724,2501,152795,2203,322519,California
Santa Clara,2021-03-01,14061,489759,7970,240649,6088,249106,3,4,8701,173088,5340,158135,8704,331223,California
Santa Clara,2021-03-02,15846,505605,9383,250032,6463,255569,0,4,10106,177479,5716,163851,10107,341330,California
Santa Clara,2021-03-03,18413,524018,9036,259068,9376,264945,1,5,11442,181994,6934,170785,11449,352779,California
Santa Clara,2021-03-04,16367,540385,8919,267987,7445,272390,3,8,9542,184792,6749,177534,9547,362326,California
Santa Clara,2021-03-05,16447,556832,9128,277115,7194,279584,125,133,9122,186737,7306,184840,9251,371577,California
Santa Clara,2021-03-06,9351,566183,6267,283382,2649,282233,435,568,7046,191926,2292,187132,7481,379058,California
Santa Clara,2021-03-07,6718,572901,4409,287791,2078,284311,231,799,5352,196150,1358,188490,5582,384640,California
Santa Clara,2021-03-08,12833,585734,6678,294469,5593,289904,562,1361,8220,200337,4596,193086,8783,393423,California
Santa Clara,2021-03-09,14900,600634,6213,300682,7359,297263,1328,2689,6590,199961,8292,201378,7916,401339,California
Santa Clara,2021-03-10,14990,615624,6469,307151,6418,303681,2103,4792,6108,199295,8857,210235,8191,409530,California
Santa Clara,2021-03-11,16982,632606,7732,314883,7747,311428,1503,6295,6035,195901,10920,221155,7526,417056,California
Santa Clara,2021-03-12,17619,650225,9061,323944,6990,318418,1568,7863,5945,191765,11634,232789,7498,424554,California
Santa Clara,2021-03-13,10691,660916,6187,330131,3017,321435,1487,9350,4787,192142,5881,238670,6258,430812,California
Santa Clara,2021-03-14,6474,667390,3349,333480,1824,323259,1301,10651,3197,193369,3262,241932,4489,435301,California
Santa Clara,2021-03-15,12740,680130,6516,339996,5956,329215,268,10919,5966,192851,6753,248685,6235,441536,California
Santa Clara,2021-03-16,18122,698252,10248,350244,7666,336881,208,11127,8784,192531,9310,257995,8990,450526,California
Santa Clara,2021-03-17,19802,718054,11215,361459,8419,345300,168,11295,10224,193387,9531,267526,10387,460913,California
Santa Clara,2021-03-18,18971,737025,8869,370328,8942,354242,1160,12455,9034,193691,9885,277411,10189,471102,California
Santa Clara,2021-03-19,19147,756172,9845,380173,8305,362547,997,13452,9940,195469,9151,286562,10929,482031,California
Santa Clara,2021-03-20,11455,767627,6289,386462,4339,366886,827,14279,6736,198337,4691,291253,7559,489590,California
Santa Clara,2021-03-21,8247,775874,3725,390187,3123,370009,1399,15678,5534,202557,2703,293956,6923,496513,California
Santa Clara,2021-03-22,16237,792111,9052,399239,6842,376851,343,16021,9281,205249,6932,300888,9624,506137,California
Santa Clara,2021-03-23,19137,811248,12176,411415,6449,383300,512,16533,11228,209125,7864,308752,11740,517877,California
Santa Clara,2021-03-24,22501,833749,14495,425910,7597,390897,409,16942,14616,216309,7843,316595,15027,532904,California
Santa Clara,2021-03-25,22812,856561,13058,438968,8770,399667,984,17926,14729,223990,8021,324616,15702,548606,California
Santa Clara,2021-03-26,21807,878368,13891,452859,7533,407200,383,18309,13491,229579,8280,332896,13869,562475,California
Santa Clara,2021-03-27,15596,893964,10379,463238,4454,411654,763,19072,8409,231601,7146,340042,9168,571643,California
Santa Clara,2021-03-28,11985,905949,8293,471531,2979,414633,713,19785,6485,233318,5476,345518,7193,578836,California
Santa Clara,2021-03-29,20507,926456,12584,484115,7198,421831,725,20510,11174,235915,9295,354813,11892,590728,California
Santa Clara,2021-03-30,25487,951943,15177,499292,8377,430208,1933,22443,16312,245011,9143,363956,18239,608967,California
Santa Clara,2021-03-31,20303,972246,11774,511066,7405,437613,1124,23567,12555,250968,7713,371669,13670,622637,California
Santa Clara,2021-04-01,31433,1003679,19649,530715,8794,446407,2990,26557,19874,262318,11501,383170,22851,645488,California
Santa Clara,2021-04-02,24896,1028575,14210,544925,8575,454982,2111,28668,16259,272073,8608,391778,18363,663851,California
Santa Clara,2021-04-03,15103,1043678,9168,554093,3452,458434,2483,31151,8385,276235,6699,398477,10861,674712,California
Santa Clara,2021-04-04,7565,1051243,4003,558096,2408,460842,1154,32305,3932,277696,3624,402101,5085,679797,California
Santa Clara,2021-04-05,21530,1072773,14360,572456,4714,465556,2456,34761,14034,286712,7471,409572,16487,696284,California
Santa Clara,2021-04-06,29123,1101896,16004,588460,7711,473267,5408,40169,17441,297907,11642,421214,22837,719121,California
Santa Clara,2021-04-07,30474,1132370,15727,604187,8326,481593,6421,46590,18603,311091,11820,433034,25004,744125,California
Santa Clara,2021-04-08,29500,1161870,16085,620272,5926,487519,7489,54079,16037,321204,13393,446427,23506,767631,California
Santa Clara,2021-04-09,27526,1189396,13613,633885,6752,494271,7161,61240,14017,328900,13456,459883,21152,788783,California
Santa Clara,2021-04-10,21148,1210544,12224,646109,3735,498006,5189,66429,11310,335566,9805,469688,16471,805254,California
Santa Clara,2021-04-11,15877,1226421,9492,655601,2629,500635,3756,70185,8207,339882,7638,477326,11954,817208,California
Santa Clara,2021-04-12,26642,1253063,18753,674354,5485,506120,2404,72589,18173,352038,8418,485744,20574,837782,California
Santa Clara,2021-04-13,33939,1287002,26731,701085,7182,513302,26,72615,26187,370598,7676,493420,26236,864018,California
Santa Clara,2021-04-14,36354,1323356,27558,728643,8793,522095,3,72618,25844,386021,10451,503871,25874,889892,California
Santa Clara,2021-04-15,43552,1366908,33924,762567,9628,531723,0,72618,33679,409952,9772,513643,33703,923595,California
Santa Clara,2021-04-16,37747,1404655,26132,788699,11613,543336,2,72620,27314,426925,10366,524009,27339,950934,California
Santa Clara,2021-04-17,21492,1426147,14942,803641,6549,549885,1,72621,14970,435429,6482,530491,14986,965920,California
Santa Clara,2021-04-18,16304,1442451,10575,814216,5729,555614,0,72621,10213,439595,6057,536548,10223,976143,California
Santa Clara,2021-04-19,28514,1470965,20591,834807,7922,563536,1,72622,17114,445404,11334,547882,17143,993286,California
Santa Clara,2021-04-20,36623,1507588,22196,857003,14427,577963,0,72622,22464,453841,14056,561938,22493,1015779,California
Santa Clara,2021-04-21,36426,1544014,21007,878010,15418,593381,1,72623,24069,465666,12277,574215,24102,1039881,California
Santa Clara,2021-04-22,36883,1580897,24508,902518,12374,605755,1,72624,17365,463668,19422,593637,17424,1057305,California
Santa Clara,2021-04-23,31684,1612581,19259,921777,12425,618180,0,72624,14868,461867,16714,610351,14913,1072218,California
Santa Clara,2021-04-24,20358,1632939,14717,936494,5640,623820,1,72625,11327,464257,8964,619315,11354,1083572,California
Santa Clara,2021-04-25,12967,1645906,9233,945727,3727,627547,7,72632,8065,467493,4857,624172,8093,1091665,California
Santa Clara,2021-04-26,21239,1667145,16144,961871,5039,632586,56,72688,8244,462906,12905,637077,8318,1099983,California
Santa Clara,2021-04-27,24370,1691515,17076,978947,7007,639593,287,72975,10361,459663,13925,651002,10682,1110665,California
Santa Clara,2021-04-28,23782,1715297,17272,996219,6070,645663,440,73415,9555,455552,14156,665158,10045,1120710,California
Santa Clara,2021-04-29,19725,1735022,14083,1010302,5260,650923,382,73797,6962,450246,12708,677866,7402,1128112,California
Santa Clara,2021-04-30,15926,1750948,10804,1021106,5009,655932,113,73910,6614,447766,9267,687133,6787,1134899,California
Santa Clara,2021-05-01,6251,1757199,4683,1025789,1508,657440,60,73970,2180,445972,4056,691189,2262,1137161,California
Santa Clara,2021-05-02,2784,1759983,2061,1027850,648,658088,75,74045,1230,445741,1542,692731,1311,1138472,California
Santa Cruz,2020-12-15,2,2,2,2,0,0,0,0,2,2,0,0,2,2,California
Santa Cruz,2020-12-16,58,60,58,60,0,0,0,0,58,60,0,0,58,60,California
Santa Cruz,2020-12-17,389,449,389,449,0,0,0,0,389,449,0,0,389,449,California
Santa Cruz,2020-12-18,464,913,464,913,0,0,0,0,464,913,0,0,464,913,California
Santa Cruz,2020-12-19,179,1092,178,1091,1,1,0,0,179,1092,0,0,179,1092,California
Santa Cruz,2020-12-20,95,1187,95,1186,0,1,0,0,95,1187,0,0,95,1187,California
Santa Cruz,2020-12-21,435,1622,435,1621,0,1,0,0,435,1622,0,0,435,1622,California
Santa Cruz,2020-12-22,424,2046,423,2044,1,2,0,0,424,2046,0,0,424,2046,California
Santa Cruz,2020-12-23,372,2418,329,2373,43,45,0,0,372,2418,0,0,372,2418,California
Santa Cruz,2020-12-24,125,2543,49,2422,76,121,0,0,125,2543,0,0,125,2543,California
Santa Cruz,2020-12-25,11,2554,11,2433,0,121,0,0,11,2554,0,0,11,2554,California
Santa Cruz,2020-12-26,64,2618,45,2478,19,140,0,0,64,2618,0,0,64,2618,California
Santa Cruz,2020-12-27,32,2650,27,2505,5,145,0,0,32,2650,0,0,32,2650,California
Santa Cruz,2020-12-28,485,3135,108,2613,377,522,0,0,485,3135,0,0,485,3135,California
Santa Cruz,2020-12-29,799,3934,370,2983,429,951,0,0,799,3934,0,0,799,3934,California
Santa Cruz,2020-12-30,356,4290,164,3147,192,1143,0,0,356,4290,0,0,356,4290,California
Santa Cruz,2020-12-31,313,4603,11,3158,302,1445,0,0,313,4603,0,0,313,4603,California
Santa Cruz,2021-01-01,33,4636,1,3159,32,1477,0,0,33,4636,0,0,33,4636,California
Santa Cruz,2021-01-02,71,4707,57,3216,14,1491,0,0,71,4707,0,0,71,4707,California
Santa Cruz,2021-01-03,15,4722,7,3223,8,1499,0,0,15,4722,0,0,15,4722,California
Santa Cruz,2021-01-04,281,5003,123,3346,158,1657,0,0,279,5001,0,0,279,5001,California
Santa Cruz,2021-01-05,566,5569,428,3774,138,1795,0,0,264,4963,302,302,264,5265,California
Santa Cruz,2021-01-06,803,6372,670,4444,133,1928,0,0,464,5089,338,640,464,5729,California
Santa Cruz,2021-01-07,539,6911,212,4656,327,2255,0,0,386,5323,153,793,387,6116,California
Santa Cruz,2021-01-08,935,7846,562,5218,373,2628,0,0,487,5363,448,1241,488,6604,California
Santa Cruz,2021-01-09,464,8310,123,5341,341,2969,0,0,410,5719,54,1295,410,7014,California
Santa Cruz,2021-01-10,80,8390,70,5411,10,2979,0,0,21,5681,59,1354,21,7035,California
Santa Cruz,2021-01-11,724,9114,590,6001,134,3113,0,0,191,5340,533,1887,192,7227,California
Santa Cruz,2021-01-12,736,9850,532,6533,204,3317,0,0,493,5590,243,2130,493,7720,California
Santa Cruz,2021-01-13,525,10375,228,6761,297,3614,0,0,441,5950,81,2211,441,8161,California
Santa Cruz,2021-01-14,555,10930,101,6862,454,4068,0,0,489,6373,66,2277,489,8650,California
Santa Cruz,2021-01-15,1458,12388,77,6939,1381,5449,0,0,1393,7704,64,2341,1395,10045,California
Santa Cruz,2021-01-16,427,12815,54,6993,373,5822,0,0,408,8093,19,2360,408,10453,California
Santa Cruz,2021-01-17,297,13112,41,7034,256,6078,0,0,272,8340,25,2385,272,10725,California
Santa Cruz,2021-01-18,1016,14128,106,7140,910,6988,0,0,954,9232,62,2447,954,11679,California
Santa Cruz,2021-01-19,1622,15750,524,7664,1098,8086,0,0,1269,10151,351,2798,1270,12949,California
Santa Cruz,2021-01-20,1236,16986,183,7847,1053,9139,0,0,1039,10996,194,2992,1039,13988,California
Santa Cruz,2021-01-21,1711,18697,200,8047,1511,10650,0,0,1603,12493,108,3100,1605,15593,California
Santa Cruz,2021-01-22,1797,20494,532,8579,1265,11915,0,0,1695,14090,99,3199,1696,17289,California
Santa Cruz,2021-01-23,402,20896,147,8726,255,12170,0,0,342,14373,59,3258,342,17631,California
Santa Cruz,2021-01-24,116,21012,21,8747,95,12265,0,0,98,14453,18,3276,98,17729,California
Santa Cruz,2021-01-25,1063,22075,361,9108,702,12967,0,0,552,14494,511,3787,552,18281,California
Santa Cruz,2021-01-26,1695,23770,248,9356,1447,14414,0,0,1183,15165,512,4299,1183,19464,California
Santa Cruz,2021-01-27,1653,25423,449,9805,1204,15618,0,0,1269,16052,382,4681,1269,20733,California
Santa Cruz,2021-01-28,1749,27172,292,10097,1457,17075,0,0,1472,17248,277,4958,1473,22206,California
Santa Cruz,2021-01-29,1735,28907,490,10587,1245,18320,0,0,1605,18724,129,5087,1605,23811,California
Santa Cruz,2021-01-30,1060,29967,309,10896,751,19071,0,0,926,19516,134,5221,926,24737,California
Santa Cruz,2021-01-31,222,30189,113,11009,109,19180,0,0,208,19710,14,5235,208,24945,California
Santa Cruz,2021-02-01,1232,31421,759,11768,473,19653,0,0,825,20128,407,5642,825,25770,California
Santa Cruz,2021-02-02,1011,32432,128,11896,883,20536,0,0,856,20830,154,5796,856,26626,California
Santa Cruz,2021-02-03,2237,34669,960,12856,1277,21813,0,0,1922,22441,311,6107,1922,28548,California
Santa Cruz,2021-02-04,1854,36523,773,13629,1081,22894,0,0,1518,23624,335,6442,1518,30066,California
Santa Cruz,2021-02-05,3170,39693,792,14421,2378,25272,0,0,2849,26153,320,6762,2849,32915,California
Santa Cruz,2021-02-06,2588,42281,164,14585,2424,27696,0,0,2241,28047,347,7109,2241,35156,California
Santa Cruz,2021-02-07,909,43190,122,14707,787,28483,0,0,891,28920,18,7127,891,36047,California
Santa Cruz,2021-02-08,717,43907,203,14910,514,28997,0,0,516,29236,200,7327,516,36563,California
Santa Cruz,2021-02-09,2377,46284,1057,15967,1320,30317,0,0,2110,31083,263,7590,2110,38673,California
Santa Cruz,2021-02-10,2203,48487,580,16547,1623,31940,0,0,1503,31896,691,8281,1504,40177,California
Santa Cruz,2021-02-11,1857,50344,317,16864,1540,33480,0,0,1330,32701,525,8806,1330,41507,California
Santa Cruz,2021-02-12,3226,53570,422,17286,2804,36284,0,0,1817,33120,1400,10206,1819,43326,California
Santa Cruz,2021-02-13,1712,55282,124,17410,1588,37872,0,0,1298,34004,414,10620,1298,44624,California
Santa Cruz,2021-02-14,1409,56691,70,17480,1339,39211,0,0,1145,34885,264,10884,1145,45769,California
Santa Cruz,2021-02-15,1583,58274,280,17760,1303,40514,0,0,566,34435,1017,11901,567,46336,California
Santa Cruz,2021-02-16,1698,59972,208,17968,1490,42004,0,0,539,33837,1137,13038,539,46875,California
Santa Cruz,2021-02-17,2922,62894,976,18944,1946,43950,0,0,1221,33373,1688,14726,1224,48099,California
Santa Cruz,2021-02-18,2882,65776,638,19582,2244,46194,0,0,1231,32957,1647,16373,1231,49330,California
Santa Cruz,2021-02-19,3265,69041,1145,20727,2120,48314,0,0,2007,33709,1255,17628,2007,51337,California
Santa Cruz,2021-02-20,2387,71428,1499,22226,888,49202,0,0,1894,35110,493,18121,1894,53231,California
Santa Cruz,2021-02-21,829,72257,362,22588,467,49669,0,0,703,35689,124,18245,703,53934,California
Santa Cruz,2021-02-22,1258,73515,967,23555,291,49960,0,0,535,35503,721,18966,535,54469,California
Santa Cruz,2021-02-23,2100,75615,939,24494,1161,51121,0,0,711,34826,1388,20354,711,55180,California
Santa Cruz,2021-02-24,3185,78800,1663,26157,1522,52643,0,0,1207,34059,1974,22328,1207,56387,California
Santa Cruz,2021-02-25,3241,82041,1431,27588,1810,54453,0,0,1782,34390,1452,23780,1783,58170,California
Santa Cruz,2021-02-26,2726,84767,764,28352,1962,56415,0,0,1551,34772,1171,24951,1553,59723,California
Santa Cruz,2021-02-27,2634,87401,930,29282,1704,58119,0,0,1835,35809,798,25749,1835,61558,California
Santa Cruz,2021-02-28,1301,88702,361,29643,940,59059,0,0,1087,36685,211,25960,1087,62645,California
Santa Cruz,2021-03-01,1829,90531,1256,30899,573,59632,0,0,689,36237,1137,27097,689,63334,California
Santa Cruz,2021-03-02,1534,92065,361,31260,1173,60805,0,0,856,36420,676,27773,859,64193,California
Santa Cruz,2021-03-03,2361,94426,624,31884,1737,62542,0,0,1290,36642,1068,28841,1290,65483,California
Santa Cruz,2021-03-04,3015,97441,1412,33296,1602,64144,1,1,2030,37700,974,29815,2032,67515,California
Santa Cruz,2021-03-05,2613,100054,487,33783,2108,66252,18,19,1133,37374,1477,31292,1151,68666,California
Santa Cruz,2021-03-06,3871,103925,1347,35130,2419,68671,105,124,2159,37924,1712,33004,2262,70928,California
Santa Cruz,2021-03-07,1347,105272,129,35259,1144,69815,74,198,556,37764,790,33794,630,71558,California
Santa Cruz,2021-03-08,1083,106355,219,35478,735,70550,129,327,651,38113,431,34225,780,72338,California
Santa Cruz,2021-03-09,1776,108131,244,35722,1385,71935,147,474,702,37890,1072,35297,849,73187,California
Santa Cruz,2021-03-10,3863,111994,2090,37812,1623,73558,150,624,1997,38175,1864,37161,2149,75336,California
Santa Cruz,2021-03-11,2806,114800,1220,39032,1412,74970,174,798,1547,38640,1258,38419,1723,77059,California
Santa Cruz,2021-03-12,2760,117560,892,39924,1576,76546,292,1090,910,37995,1846,40265,1201,78260,California
Santa Cruz,2021-03-13,2311,119871,1334,41258,933,77479,44,1134,1179,38089,1130,41395,1224,79484,California
Santa Cruz,2021-03-14,906,120777,217,41475,675,78154,14,1148,441,38080,463,41858,454,79938,California
Santa Cruz,2021-03-15,1356,122133,484,41959,836,78990,36,1184,583,37930,770,42628,620,80558,California
Santa Cruz,2021-03-16,2318,124451,1088,43047,1188,80178,42,1226,1341,38338,974,43602,1382,81940,California
Santa Cruz,2021-03-17,3867,128318,2231,45278,1626,81804,10,1236,2521,39530,1342,44944,2534,84474,California
Santa Cruz,2021-03-18,3870,132188,2094,47372,1656,83460,120,1356,2072,39927,1795,46739,2192,86666,California
Santa Cruz,2021-03-19,3280,135468,1322,48694,1733,85193,225,1581,1654,40185,1621,48360,1879,88545,California
Santa Cruz,2021-03-20,2169,137637,1614,50308,518,85711,37,1618,1096,40248,1070,49430,1133,89678,California
Santa Cruz,2021-03-21,826,138463,439,50747,265,85976,122,1740,443,40433,381,49811,566,90244,California
Santa Cruz,2021-03-22,1378,139841,851,51598,505,86481,22,1762,946,40973,429,50240,969,91213,California
Santa Cruz,2021-03-23,2567,142408,1442,53040,1075,87556,50,1812,1712,41882,853,51093,1762,92975,California
Santa Cruz,2021-03-24,3026,145434,2034,55074,971,88527,21,1833,1996,42873,1025,52118,2016,94991,California
Santa Cruz,2021-03-25,2648,148082,1330,56404,1283,89810,35,1868,1357,42981,1284,53402,1392,96383,California
Santa Cruz,2021-03-26,3039,151121,1835,58239,1177,90987,27,1895,2055,44086,977,54379,2082,98465,California
Santa Cruz,2021-03-27,3239,154360,2013,60252,1201,92188,25,1920,1528,43938,1702,56081,1554,100019,California
Santa Cruz,2021-03-28,932,155292,572,60824,346,92534,14,1934,495,44014,433,56514,509,100528,California
Santa Cruz,2021-03-29,1978,157270,884,61708,1026,93560,68,2002,1279,44665,696,57210,1347,101875,California
Santa Cruz,2021-03-30,2729,159999,820,62528,1746,95306,163,2165,1756,45612,971,58181,1918,103793,California
Santa Cruz,2021-03-31,4080,164079,2729,65257,1303,96609,48,2213,2097,45778,1979,60160,2145,105938,California
Santa Cruz,2021-04-01,4026,168105,2154,67411,1765,98374,107,2320,2027,45919,1993,62153,2134,108072,California
Santa Cruz,2021-04-02,3146,171251,1426,68837,1538,99912,182,2502,1739,46438,1402,63555,1921,109993,California
Santa Cruz,2021-04-03,2260,173511,1232,70069,893,100805,135,2637,888,46091,1369,64924,1022,111015,California
Santa Cruz,2021-04-04,936,174447,491,70560,390,101195,55,2692,550,46310,386,65310,605,111620,California
Santa Cruz,2021-04-05,2260,176707,795,71355,1294,102489,171,2863,1390,47002,869,66179,1561,113181,California
Santa Cruz,2021-04-06,3406,180113,1655,73010,1367,103856,384,3247,1971,47929,1425,67604,2352,115533,California
Santa Cruz,2021-04-07,4153,184266,1638,74648,2152,106008,363,3610,1864,47870,2285,69889,2226,117759,California
Santa Cruz,2021-04-08,4271,188537,2351,76999,1403,107411,517,4127,2511,49145,1751,71640,3026,120785,California
Santa Cruz,2021-04-09,3568,192105,1509,78508,1658,109069,401,4528,1961,49907,1601,73241,2363,123148,California
Santa Cruz,2021-04-10,2261,194366,1091,79599,919,109988,251,4779,1067,50034,1190,74431,1317,124465,California
Santa Cruz,2021-04-11,995,195361,520,80119,383,110371,92,4871,480,50091,515,74946,572,125037,California
Santa Cruz,2021-04-12,2292,197653,826,80945,1039,111410,427,5298,1097,50434,1180,76126,1523,126560,California
Santa Cruz,2021-04-13,2890,200543,1453,82398,1435,112845,2,5300,1625,50801,1260,77386,1627,128187,California
Santa Cruz,2021-04-14,4637,205180,2258,84656,2379,115224,0,5300,2377,50929,2251,79637,2379,130566,California
Santa Cruz,2021-04-15,4953,210133,3143,87799,1810,117034,0,5300,3144,52275,1798,81435,3144,133710,California
Santa Cruz,2021-04-16,4427,214560,2544,90343,1881,118915,2,5302,2471,52801,1948,83383,2474,136184,California
Santa Cruz,2021-04-17,2268,216828,895,91238,1373,120288,0,5302,1508,53551,758,84141,1508,137692,California
Santa Cruz,2021-04-18,1072,217900,514,91752,558,120846,0,5302,598,53677,472,84613,598,138290,California
Santa Cruz,2021-04-19,2438,220338,1528,93280,909,121755,1,5303,1504,54250,931,85544,1504,139794,California
Santa Cruz,2021-04-20,3134,223472,1706,94986,1428,123183,0,5303,1784,54695,1340,86884,1785,141579,California
Santa Cruz,2021-04-21,4272,227744,2895,97881,1377,124560,0,5303,2408,55254,1849,88733,2408,143987,California
Santa Cruz,2021-04-22,4339,232083,2924,100805,1415,125975,0,5303,2440,55805,1889,90622,2440,146427,California
Santa Cruz,2021-04-23,3080,235163,1745,102550,1334,127309,1,5304,1387,55508,1685,92307,1388,147815,California
Santa Cruz,2021-04-24,2252,237415,1084,103634,1165,128474,3,5307,692,54653,1550,93857,695,148510,California
Santa Cruz,2021-04-25,1092,238507,698,104332,382,128856,12,5319,448,54476,636,94493,459,148969,California
Santa Cruz,2021-04-26,1769,240276,904,105236,850,129706,15,5334,663,54059,1097,95590,680,149649,California
Santa Cruz,2021-04-27,2738,243014,841,106077,1849,131555,48,5382,1372,54118,1362,96952,1421,151070,California
Santa Cruz,2021-04-28,3344,246358,1868,107945,1402,132957,74,5456,1733,54322,1601,98553,1805,152875,California
Santa Cruz,2021-04-29,2991,249349,2022,109967,915,133872,54,5510,1035,53466,1946,100499,1090,153965,California
Santa Cruz,2021-04-30,1434,250783,792,110759,642,134514,0,5510,626,53288,804,101303,626,154591,California
Santa Cruz,2021-05-01,814,251597,747,111506,63,134577,4,5514,412,53305,400,101703,417,155008,California
Santa Cruz,2021-05-02,291,251888,265,111771,26,134603,0,5514,82,53180,209,101912,84,155092,California
Shasta,2020-12-16,131,131,131,131,0,0,0,0,131,131,0,0,131,131,California
Shasta,2020-12-17,417,548,417,548,0,0,0,0,417,548,0,0,417,548,California
Shasta,2020-12-18,166,714,166,714,0,0,0,0,166,714,0,0,166,714,California
Shasta,2020-12-19,1,715,1,715,0,0,0,0,1,715,0,0,1,715,California
Shasta,2020-12-21,79,794,79,794,0,0,0,0,79,794,0,0,79,794,California
Shasta,2020-12-22,191,985,186,980,5,5,0,0,191,985,0,0,191,985,California
Shasta,2020-12-23,173,1158,169,1149,4,9,0,0,173,1158,0,0,173,1158,California
Shasta,2020-12-24,18,1176,18,1167,0,9,0,0,18,1176,0,0,18,1176,California
Shasta,2020-12-26,4,1180,1,1168,3,12,0,0,4,1180,0,0,4,1180,California
Shasta,2020-12-27,1,1181,0,1168,1,13,0,0,1,1181,0,0,1,1181,California
Shasta,2020-12-28,40,1221,31,1199,9,22,0,0,40,1221,0,0,40,1221,California
Shasta,2020-12-29,186,1407,185,1384,1,23,0,0,186,1407,0,0,186,1407,California
Shasta,2020-12-30,178,1585,168,1552,10,33,0,0,178,1585,0,0,178,1585,California
Shasta,2020-12-31,83,1668,2,1554,81,114,0,0,83,1668,0,0,83,1668,California
Shasta,2021-01-02,2,1670,0,1554,2,116,0,0,2,1670,0,0,2,1670,California
Shasta,2021-01-03,1,1671,1,1555,0,116,0,0,1,1671,0,0,1,1671,California
Shasta,2021-01-04,371,2042,305,1860,66,182,0,0,372,2043,0,0,372,2043,California
Shasta,2021-01-05,335,2377,314,2174,21,203,0,0,254,2216,81,81,254,2297,California
Shasta,2021-01-06,466,2843,395,2569,71,274,0,0,204,2159,261,342,204,2501,California
Shasta,2021-01-07,124,2967,36,2605,88,362,0,0,103,2241,21,363,103,2604,California
Shasta,2021-01-08,525,3492,448,3053,77,439,0,0,317,2350,208,571,317,2921,California
Shasta,2021-01-09,72,3564,63,3116,9,448,0,0,70,2418,2,573,70,2991,California
Shasta,2021-01-10,5,3569,0,3116,5,453,0,0,4,2422,1,574,5,2996,California
Shasta,2021-01-11,407,3976,184,3300,223,676,0,0,372,2759,35,609,372,3368,California
Shasta,2021-01-12,484,4460,327,3627,157,833,0,0,310,2895,174,783,310,3678,California
Shasta,2021-01-13,599,5059,267,3894,332,1165,0,0,430,3156,169,952,430,4108,California
Shasta,2021-01-14,499,5558,51,3945,448,1613,0,0,481,3619,18,970,481,4589,California
Shasta,2021-01-15,691,6249,136,4081,555,2168,0,0,689,4306,2,972,689,5278,California
Shasta,2021-01-16,898,7147,54,4135,844,3012,0,0,895,5198,3,975,895,6173,California
Shasta,2021-01-17,27,7174,6,4141,21,3033,0,0,23,5217,4,979,23,6196,California
Shasta,2021-01-18,599,7773,129,4270,470,3503,0,0,591,5800,8,987,591,6787,California
Shasta,2021-01-19,1058,8831,398,4668,660,4163,0,0,910,6562,148,1135,910,7697,California
Shasta,2021-01-20,677,9508,409,5077,268,4431,0,0,493,6876,179,1314,493,8190,California
Shasta,2021-01-21,630,10138,277,5354,353,4784,0,0,607,7460,23,1337,607,8797,California
Shasta,2021-01-22,445,10583,171,5525,274,5058,0,0,439,7893,6,1343,439,9236,California
Shasta,2021-01-23,68,10651,5,5530,63,5121,0,0,67,7959,1,1344,67,9303,California
Shasta,2021-01-24,25,10676,2,5532,23,5144,0,0,24,7982,1,1345,24,9327,California
Shasta,2021-01-25,749,11425,490,6022,259,5403,0,0,464,8162,284,1629,464,9791,California
Shasta,2021-01-26,710,12135,333,6355,377,5780,0,0,476,8406,232,1861,476,10267,California
Shasta,2021-01-27,459,12594,179,6534,280,6060,0,0,410,8767,49,1910,410,10677,California
Shasta,2021-01-28,886,13480,576,7110,310,6370,0,0,664,9209,222,2132,664,11341,California
Shasta,2021-01-29,831,14311,330,7440,501,6871,0,0,641,9661,190,2322,642,11983,California
Shasta,2021-01-30,616,14927,14,7454,602,7473,0,0,607,10259,9,2331,607,12590,California
Shasta,2021-01-31,28,14955,4,7458,24,7497,0,0,26,10283,2,2333,26,12616,California
Shasta,2021-02-01,530,15485,148,7606,382,7879,0,0,386,10525,144,2477,386,13002,California
Shasta,2021-02-02,982,16467,494,8100,488,8367,0,0,890,11325,90,2567,890,13892,California
Shasta,2021-02-03,718,17185,210,8310,508,8875,0,0,484,11575,234,2801,484,14376,California
Shasta,2021-02-04,1083,18268,664,8974,419,9294,0,0,890,12273,192,2993,890,15266,California
Shasta,2021-02-05,1240,19508,164,9138,1076,10370,0,0,1033,13100,206,3199,1033,16299,California
Shasta,2021-02-06,1742,21250,41,9179,1701,12071,0,0,1719,14796,23,3222,1719,18018,California
Shasta,2021-02-07,26,21276,3,9182,23,12094,0,0,24,14818,2,3224,24,18042,California
Shasta,2021-02-08,597,21873,167,9349,430,12524,0,0,306,14833,291,3515,306,18348,California
Shasta,2021-02-09,1122,22995,652,10001,470,12994,0,0,730,15171,392,3907,730,19078,California
Shasta,2021-02-10,1116,24111,781,10782,335,13329,0,0,594,15243,523,4430,595,19673,California
Shasta,2021-02-11,886,24997,186,10968,700,14029,0,0,364,15090,517,4947,364,20037,California
Shasta,2021-02-12,1724,26721,1143,12111,581,14610,0,0,1175,15716,549,5496,1175,21212,California
Shasta,2021-02-13,1383,28104,367,12478,1016,15626,0,0,570,15473,814,6310,571,21783,California
Shasta,2021-02-14,150,28254,4,12482,146,15772,0,0,126,15575,24,6334,126,21909,California
Shasta,2021-02-15,380,28634,90,12572,290,16062,0,0,211,15617,169,6503,211,22120,California
Shasta,2021-02-16,1189,29823,515,13087,674,16736,0,0,420,15269,768,7271,420,22540,California
Shasta,2021-02-17,1033,30856,438,13525,595,17331,0,0,413,15062,620,7891,413,22953,California
Shasta,2021-02-18,924,31780,443,13968,481,17812,0,0,437,15012,487,8378,437,23390,California
Shasta,2021-02-19,1329,33109,936,14904,393,18205,0,0,862,15407,467,8845,862,24252,California
Shasta,2021-02-20,802,33911,89,14993,713,18918,0,0,303,15211,499,9344,303,24555,California
Shasta,2021-02-21,31,33942,2,14995,29,18947,0,0,9,15198,22,9366,9,24564,California
Shasta,2021-02-22,426,34368,74,15069,352,19299,0,0,177,15127,248,9614,177,24741,California
Shasta,2021-02-23,907,35275,467,15536,440,19739,0,0,322,14864,585,10199,322,25063,California
Shasta,2021-02-24,886,36161,504,16040,382,20121,0,0,270,14519,615,10814,270,25333,California
Shasta,2021-02-25,516,36677,160,16200,356,20477,0,0,162,14328,353,11167,162,25495,California
Shasta,2021-02-26,791,37468,94,16294,697,21174,0,0,331,14201,458,11625,331,25826,California
Shasta,2021-02-27,829,38297,27,16321,802,21976,0,0,188,13750,639,12264,188,26014,California
Shasta,2021-02-28,176,38473,4,16325,172,22148,0,0,126,13826,50,12314,126,26140,California
Shasta,2021-03-01,584,39057,59,16384,525,22673,0,0,295,13833,288,12602,295,26435,California
Shasta,2021-03-02,1016,40073,465,16849,551,23224,0,0,331,13481,683,13285,331,26766,California
Shasta,2021-03-03,665,40738,167,17016,498,23722,0,0,243,13302,422,13707,243,27009,California
Shasta,2021-03-04,2303,43041,1694,18710,609,24331,0,0,1267,13535,1035,14742,1268,28277,California
Shasta,2021-03-05,1541,44582,162,18872,1350,25681,29,29,794,13610,748,15490,823,29100,California
Shasta,2021-03-06,2742,47324,386,19258,2309,27990,47,76,858,12633,1882,17372,905,30005,California
Shasta,2021-03-07,91,47415,3,19261,56,28046,32,108,37,12648,54,17426,69,30074,California
Shasta,2021-03-08,568,47983,46,19307,383,28429,139,247,155,12531,411,17837,294,30368,California
Shasta,2021-03-09,708,48691,48,19355,482,28911,178,425,329,12658,379,18216,506,30874,California
Shasta,2021-03-10,800,49491,256,19611,342,29253,202,627,135,12330,664,18880,336,31210,California
Shasta,2021-03-11,1176,50667,173,19784,731,29984,272,899,659,12745,516,19396,931,32141,California
Shasta,2021-03-12,1530,52197,835,20619,446,30430,249,1148,397,12257,1132,20528,644,32785,California
Shasta,2021-03-13,757,52954,425,21044,232,30662,100,1248,474,12548,282,20810,573,33358,California
Shasta,2021-03-14,1019,53973,8,21052,989,31651,22,1270,881,13314,138,20948,904,34262,California
Shasta,2021-03-15,498,54471,35,21087,363,32014,100,1370,210,13335,288,21236,309,34571,California
Shasta,2021-03-16,1132,55603,147,21234,918,32932,67,1437,849,13968,283,21519,916,35487,California
Shasta,2021-03-17,734,56337,191,21425,485,33417,58,1495,395,14088,333,21852,453,35940,California
Shasta,2021-03-18,1191,57528,236,21661,851,34268,104,1599,811,14627,376,22228,915,36855,California
Shasta,2021-03-19,641,58169,196,21857,390,34658,55,1654,409,14860,231,22459,464,37319,California
Shasta,2021-03-20,748,58917,490,22347,244,34902,14,1668,600,15326,148,22607,614,37933,California
Shasta,2021-03-21,312,59229,297,22644,4,34906,11,1679,286,15598,25,22632,297,38230,California
Shasta,2021-03-22,347,59576,37,22681,274,35180,36,1715,199,15686,147,22779,235,38465,California
Shasta,2021-03-23,819,60395,161,22842,600,35780,58,1773,627,16184,187,22966,685,39150,California
Shasta,2021-03-24,607,61002,156,22998,414,36194,37,1810,366,16347,240,23206,403,39553,California
Shasta,2021-03-25,877,61879,197,23195,663,36857,17,1827,639,16768,235,23441,656,40209,California
Shasta,2021-03-26,1835,63714,1402,24597,403,37260,30,1857,1478,17920,357,23798,1509,41718,California
Shasta,2021-03-27,1595,65309,405,25002,318,37578,872,2729,575,18346,1018,24816,1444,43162,California
Shasta,2021-03-28,405,65714,299,25301,96,37674,10,2739,302,18557,101,24917,312,43474,California
Shasta,2021-03-29,419,66133,41,25342,366,38040,12,2751,165,18481,253,25170,177,43651,California
Shasta,2021-03-30,653,66786,185,25527,461,38501,7,2758,440,18718,210,25380,447,44098,California
Shasta,2021-03-31,617,67403,205,25732,407,38908,5,2763,381,18873,231,25611,386,44484,California
Shasta,2021-04-01,893,68296,245,25977,636,39544,12,2775,577,19147,315,25926,589,45073,California
Shasta,2021-04-02,750,69046,201,26178,497,40041,52,2827,411,19273,337,26263,463,45536,California
Shasta,2021-04-03,513,69559,361,26539,133,40174,19,2846,389,19557,124,26387,408,45944,California
Shasta,2021-04-04,291,69850,177,26716,94,40268,20,2866,217,19720,74,26461,237,46181,California
Shasta,2021-04-05,441,70291,67,26783,311,40579,63,2929,255,19852,186,26647,318,46499,California
Shasta,2021-04-06,851,71142,172,26955,504,41083,175,3104,399,19976,449,27096,573,47072,California
Shasta,2021-04-07,651,71793,213,27168,275,41358,163,3267,256,20003,391,27487,418,47490,California
Shasta,2021-04-08,1136,72929,259,27427,723,42081,154,3421,229,19480,905,28392,382,47872,California
Shasta,2021-04-09,2580,75509,2062,29489,309,42390,209,3630,2017,21146,558,28950,2224,50096,California
Shasta,2021-04-10,876,76385,593,30082,155,42545,128,3758,264,20925,612,29562,391,50487,California
Shasta,2021-04-11,1250,77635,395,30477,835,43380,20,3778,143,19985,1103,30665,163,50650,California
Shasta,2021-04-12,335,77970,8,30485,267,43647,60,3838,97,19904,237,30902,156,50806,California
Shasta,2021-04-13,1053,79023,164,30649,887,44534,2,3840,297,19448,754,31656,298,51104,California
Shasta,2021-04-14,602,79625,143,30792,457,44991,2,3842,225,19299,376,32032,227,51331,California
Shasta,2021-04-15,1064,80689,259,31051,805,45796,0,3842,307,18850,756,32788,307,51638,California
Shasta,2021-04-16,2330,83019,1836,32887,494,46290,0,3842,949,18419,1380,34168,949,52587,California
Shasta,2021-04-17,642,83661,410,33297,232,46522,0,3842,196,18169,446,34614,196,52783,California
Shasta,2021-04-18,266,83927,241,33538,25,46547,0,3842,33,17971,231,34845,33,52816,California
Shasta,2021-04-19,382,84309,30,33568,352,46899,0,3842,164,17917,218,35063,164,52980,California
Shasta,2021-04-20,1013,85322,256,33824,757,47656,0,3842,386,17677,626,35689,386,53366,California
Shasta,2021-04-21,604,85926,220,34044,384,48040,0,3842,306,17686,297,35986,306,53672,California
Shasta,2021-04-22,956,86882,279,34323,677,48717,0,3842,302,17336,652,36638,302,53974,California
Shasta,2021-04-23,657,87539,262,34585,395,49112,0,3842,329,17338,327,36965,329,54303,California
Shasta,2021-04-24,596,88135,360,34945,236,49348,0,3842,107,16956,489,37454,107,54410,California
Shasta,2021-04-25,213,88348,183,35128,29,49377,1,3843,38,16820,175,37629,39,54449,California
Shasta,2021-04-26,465,88813,50,35178,410,49787,5,3848,331,17023,132,37761,335,54784,California
Shasta,2021-04-27,510,89323,169,35347,305,50092,36,3884,291,17132,216,37977,325,55109,California
Shasta,2021-04-28,513,89836,130,35477,350,50442,33,3917,212,17075,301,38278,244,55353,California
Shasta,2021-04-29,647,90483,92,35569,536,50978,19,3936,159,16766,487,38765,178,55531,California
Shasta,2021-04-30,1833,92316,1652,37221,164,51142,17,3953,159,15268,1674,40439,176,55707,California
Shasta,2021-05-01,163,92479,11,37232,83,51225,69,4022,57,15288,106,40545,126,55833,California
Shasta,2021-05-02,18,92497,4,37236,7,51232,7,4029,9,15295,9,40554,16,55849,California
Sierra,2020-12-18,1,1,1,1,0,0,0,0,1,1,0,0,1,1,California
Sierra,2020-12-21,2,3,2,3,0,0,0,0,2,3,0,0,2,3,California
Sierra,2020-12-22,12,15,12,15,0,0,0,0,12,15,0,0,12,15,California
Sierra,2020-12-23,4,19,4,19,0,0,0,0,4,19,0,0,4,19,California
Sierra,2020-12-28,1,20,0,19,1,1,0,0,1,20,0,0,1,20,California
Sierra,2020-12-29,49,69,7,26,42,43,0,0,49,69,0,0,49,69,California
Sierra,2020-12-30,2,71,0,26,2,45,0,0,2,71,0,0,2,71,California
Sierra,2020-12-31,13,84,0,26,13,58,0,0,13,84,0,0,13,84,California
Sierra,2021-01-01,1,85,1,27,0,58,0,0,1,85,0,0,1,85,California
Sierra,2021-01-05,64,149,2,29,62,120,0,0,64,149,0,0,64,149,California
Sierra,2021-01-06,1,150,1,30,0,120,0,0,1,150,0,0,1,150,California
Sierra,2021-01-07,21,171,1,31,20,140,0,0,20,169,1,1,20,170,California
Sierra,2021-01-08,1,172,1,32,0,140,0,0,1,170,0,1,1,171,California
Sierra,2021-01-11,3,175,3,35,0,140,0,0,0,167,3,4,0,171,California
Sierra,2021-01-12,40,215,12,47,28,168,0,0,28,183,12,16,28,199,California
Sierra,2021-01-13,4,219,3,50,1,169,0,0,1,181,3,19,1,200,California
Sierra,2021-01-14,35,254,2,52,33,202,0,0,35,216,0,19,35,235,California
Sierra,2021-01-15,3,257,1,53,2,204,0,0,3,219,0,19,3,238,California
Sierra,2021-01-18,2,259,0,53,2,206,0,0,2,221,0,19,2,240,California
Sierra,2021-01-19,32,291,0,53,32,238,0,0,32,253,0,19,32,272,California
Sierra,2021-01-20,1,292,1,54,0,238,0,0,1,254,0,19,1,273,California
Sierra,2021-01-21,53,345,0,54,53,291,0,0,53,307,0,19,53,326,California
Sierra,2021-01-22,2,347,0,54,2,293,0,0,2,309,0,19,2,328,California
Sierra,2021-01-23,2,349,0,54,2,295,0,0,2,311,0,19,2,330,California
Sierra,2021-01-26,62,411,0,54,62,357,0,0,24,297,38,57,24,354,California
Sierra,2021-01-27,4,415,4,58,0,357,0,0,0,293,4,61,0,354,California
Sierra,2021-01-28,53,468,0,58,53,410,0,0,43,326,10,71,43,397,California
Sierra,2021-01-29,2,470,0,58,2,412,0,0,2,328,0,71,2,399,California
Sierra,2021-01-30,3,473,3,61,0,412,0,0,2,329,1,72,2,401,California
Sierra,2021-02-01,1,474,0,61,1,413,0,0,0,328,1,73,0,401,California
Sierra,2021-02-02,58,532,1,62,57,470,0,0,19,308,39,112,19,420,California
Sierra,2021-02-03,6,538,5,67,1,471,0,0,5,312,1,113,5,425,California
Sierra,2021-02-04,105,643,6,73,99,570,0,0,56,319,49,162,56,481,California
Sierra,2021-02-05,6,649,4,77,2,572,0,0,5,323,1,163,5,486,California
Sierra,2021-02-09,51,700,0,77,51,623,0,0,48,368,3,166,48,534,California
Sierra,2021-02-10,5,705,2,79,3,626,0,0,4,371,1,167,4,538,California
Sierra,2021-02-11,196,901,1,80,195,821,0,0,134,443,62,229,134,672,California
Sierra,2021-02-12,21,922,0,80,21,842,0,0,20,462,1,230,20,692,California
Sierra,2021-02-13,1,923,1,81,0,842,0,0,1,463,0,230,1,693,California
Sierra,2021-02-15,2,925,2,83,0,842,0,0,0,461,2,232,0,693,California
Sierra,2021-02-16,43,968,0,83,43,885,0,0,10,438,33,265,10,703,California
Sierra,2021-02-17,4,972,0,83,4,889,0,0,1,436,3,268,1,704,California
Sierra,2021-02-18,141,1113,0,83,141,1030,0,0,91,477,50,318,91,795,California
Sierra,2021-02-19,2,1115,1,84,1,1031,0,0,1,477,1,319,1,796,California
Sierra,2021-02-20,2,1117,2,86,0,1031,0,0,0,475,2,321,0,796,California
Sierra,2021-02-22,1,1118,1,87,0,1031,0,0,1,476,0,321,1,797,California
Sierra,2021-02-23,4,1122,0,87,4,1035,0,0,4,480,0,321,4,801,California
Sierra,2021-02-24,4,1126,3,90,1,1036,0,0,3,482,1,322,3,804,California
Sierra,2021-02-25,125,1251,2,92,123,1159,0,0,58,474,66,388,58,862,California
Sierra,2021-02-26,11,1262,6,98,5,1164,0,0,4,471,7,395,4,866,California
Sierra,2021-02-27,2,1264,2,100,0,1164,0,0,0,469,2,397,0,866,California
Sierra,2021-03-01,2,1266,2,102,0,1164,0,0,0,467,2,399,0,866,California
Sierra,2021-03-02,56,1322,0,102,56,1220,0,0,38,487,18,417,38,904,California
Sierra,2021-03-03,2,1324,2,104,0,1220,0,0,1,487,1,418,1,905,California
Sierra,2021-03-04,108,1432,0,104,108,1328,0,0,58,495,50,468,58,963,California
Sierra,2021-03-05,13,1445,1,105,12,1340,0,0,11,504,2,470,11,974,California
Sierra,2021-03-07,1,1446,1,106,0,1340,0,0,0,503,1,471,0,974,California
Sierra,2021-03-08,2,1448,2,108,0,1340,0,0,2,505,0,471,2,976,California
Sierra,2021-03-09,56,1504,0,108,56,1396,0,0,12,473,44,515,12,988,California
Sierra,2021-03-10,6,1510,0,108,6,1402,0,0,4,475,2,517,4,992,California
Sierra,2021-03-11,175,1685,0,108,175,1577,0,0,43,387,131,648,43,1035,California
Sierra,2021-03-12,20,1705,1,109,19,1596,0,0,0,367,20,668,0,1035,California
Sierra,2021-03-13,28,1733,0,109,28,1624,0,0,28,395,0,668,28,1063,California
Sierra,2021-03-14,1,1734,0,109,0,1624,1,1,0,395,1,669,1,1064,California
Sierra,2021-03-15,1,1735,1,110,0,1624,0,1,0,394,1,670,0,1064,California
Sierra,2021-03-16,36,1771,0,110,35,1659,1,2,23,405,13,683,24,1088,California
Sierra,2021-03-17,4,1775,3,113,1,1660,0,2,1,403,3,686,1,1089,California
Sierra,2021-03-18,158,1933,0,113,158,1818,0,2,65,375,93,779,65,1154,California
Sierra,2021-03-19,4,1937,2,115,2,1820,0,2,1,373,3,782,1,1155,California
Sierra,2021-03-20,1,1938,0,115,1,1821,0,2,1,374,0,782,1,1156,California
Sierra,2021-03-23,22,1960,0,115,22,1843,0,2,13,378,9,791,13,1169,California
Sierra,2021-03-24,3,1963,1,116,2,1845,0,2,1,377,2,793,1,1170,California
Sierra,2021-03-25,100,2063,1,117,99,1944,0,2,51,379,49,842,51,1221,California
Sierra,2021-03-26,12,2075,1,118,11,1955,0,2,9,385,3,845,9,1230,California
Sierra,2021-03-27,2,2077,1,119,1,1956,0,2,0,383,2,847,0,1230,California
Sierra,2021-03-29,1,2078,1,120,0,1956,0,2,0,382,1,848,0,1230,California
Sierra,2021-03-30,55,2133,1,121,54,2010,0,2,22,371,33,881,22,1252,California
Sierra,2021-03-31,8,2141,0,121,8,2018,0,2,8,379,0,881,8,1260,California
Sierra,2021-04-01,60,2201,2,123,58,2076,0,2,6,331,54,935,6,1266,California
Sierra,2021-04-02,3,2204,2,125,1,2077,0,2,2,332,1,936,2,1268,California
Sierra,2021-04-05,1,2205,1,126,0,2077,0,2,1,333,0,936,1,1269,California
Sierra,2021-04-06,10,2215,0,126,10,2087,0,2,0,323,10,946,0,1269,California
Sierra,2021-04-07,15,2230,3,129,6,2093,6,8,3,321,11,957,9,1278,California
Sierra,2021-04-08,53,2283,2,131,51,2144,0,8,16,300,37,994,16,1294,California
Sierra,2021-04-09,2,2285,2,133,0,2144,0,8,1,300,1,995,1,1295,California
Sierra,2021-04-10,27,2312,0,133,27,2171,0,8,0,273,27,1022,0,1295,California
Sierra,2021-04-13,46,2358,0,133,46,2217,0,8,5,237,41,1063,5,1300,California
Sierra,2021-04-14,2,2360,1,134,1,2218,0,8,2,239,0,1063,2,1302,California
Sierra,2021-04-15,49,2409,1,135,48,2266,0,8,2,194,47,1110,2,1304,California
Sierra,2021-04-16,1,2410,0,135,1,2267,0,8,1,195,0,1110,1,1305,California
Sierra,2021-04-17,2,2412,1,136,1,2268,0,8,1,195,1,1111,1,1306,California
Sierra,2021-04-19,1,2413,1,137,0,2268,0,8,0,194,1,1112,0,1306,California
Sierra,2021-04-20,34,2447,1,138,33,2301,0,8,7,174,27,1139,7,1313,California
Sierra,2021-04-21,2,2449,1,139,1,2302,0,8,1,174,1,1140,1,1314,California
Sierra,2021-04-22,66,2515,2,141,64,2366,0,8,5,119,60,1200,5,1319,California
Sierra,2021-04-23,13,2528,0,141,13,2379,0,8,5,116,8,1208,5,1324,California
Sierra,2021-04-24,4,2532,0,141,4,2383,0,8,4,120,0,1208,4,1328,California
Sierra,2021-04-27,28,2560,1,142,27,2410,0,8,5,102,23,1231,5,1333,California
Sierra,2021-04-28,9,2569,2,144,7,2417,0,8,1,96,7,1238,1,1334,California
Sierra,2021-04-29,21,2590,3,147,18,2435,0,8,14,103,7,1245,14,1348,California
Sierra,2021-04-30,3,2593,1,148,2,2437,0,8,1,102,2,1247,1,1349,California
Siskiyou,2020-12-16,2,2,2,2,0,0,0,0,2,2,0,0,2,2,California
Siskiyou,2020-12-17,4,6,4,6,0,0,0,0,4,6,0,0,4,6,California
Siskiyou,2020-12-18,2,8,2,8,0,0,0,0,2,8,0,0,2,8,California
Siskiyou,2020-12-19,4,12,4,12,0,0,0,0,4,12,0,0,4,12,California
Siskiyou,2020-12-20,1,13,1,13,0,0,0,0,1,13,0,0,1,13,California
Siskiyou,2020-12-21,132,145,132,145,0,0,0,0,132,145,0,0,132,145,California
Siskiyou,2020-12-22,159,304,159,304,0,0,0,0,159,304,0,0,159,304,California
Siskiyou,2020-12-23,142,446,142,446,0,0,0,0,142,446,0,0,142,446,California
Siskiyou,2020-12-24,5,451,5,451,0,0,0,0,5,451,0,0,5,451,California
Siskiyou,2020-12-26,2,453,0,451,2,2,0,0,2,453,0,0,2,453,California
Siskiyou,2020-12-27,2,455,0,451,2,4,0,0,2,455,0,0,2,455,California
Siskiyou,2020-12-28,3,458,1,452,2,6,0,0,3,458,0,0,3,458,California
Siskiyou,2020-12-29,6,464,2,454,4,10,0,0,6,464,0,0,6,464,California
Siskiyou,2020-12-30,98,562,3,457,95,105,0,0,98,562,0,0,98,562,California
Siskiyou,2020-12-31,12,574,0,457,12,117,0,0,12,574,0,0,12,574,California
Siskiyou,2021-01-02,1,575,1,458,0,117,0,0,1,575,0,0,1,575,California
Siskiyou,2021-01-03,1,576,0,458,1,118,0,0,1,576,0,0,1,576,California
Siskiyou,2021-01-04,130,706,3,461,127,245,0,0,130,706,0,0,130,706,California
Siskiyou,2021-01-05,117,823,4,465,113,358,0,0,116,821,1,1,116,822,California
Siskiyou,2021-01-06,59,882,6,471,53,411,0,0,55,872,4,5,55,877,California
Siskiyou,2021-01-07,178,1060,4,475,174,585,0,0,177,1048,1,6,177,1054,California
Siskiyou,2021-01-08,41,1101,3,478,38,623,0,0,39,1085,2,8,39,1093,California
Siskiyou,2021-01-09,2,1103,2,480,0,623,0,0,0,1083,2,10,0,1093,California
Siskiyou,2021-01-11,226,1329,65,545,161,784,0,0,163,1183,63,73,163,1256,California
Siskiyou,2021-01-12,322,1651,274,819,48,832,0,0,88,1038,234,307,89,1345,California
Siskiyou,2021-01-13,157,1808,137,956,20,852,0,0,23,927,134,441,23,1368,California
Siskiyou,2021-01-14,26,1834,1,957,25,877,0,0,25,951,1,442,25,1393,California
Siskiyou,2021-01-15,35,1869,3,960,32,909,0,0,35,986,0,442,35,1428,California
Siskiyou,2021-01-16,7,1876,2,962,5,914,0,0,7,993,0,442,7,1435,California
Siskiyou,2021-01-17,1,1877,1,963,0,914,0,0,0,992,1,443,0,1435,California
Siskiyou,2021-01-18,77,1954,4,967,73,987,0,0,75,1065,2,445,75,1510,California
Siskiyou,2021-01-19,21,1975,1,968,20,1007,0,0,20,1084,1,446,20,1530,California
Siskiyou,2021-01-20,47,2022,35,1003,12,1019,0,0,43,1123,4,450,43,1573,California
Siskiyou,2021-01-21,42,2064,1,1004,41,1060,0,0,42,1165,0,450,42,1615,California
Siskiyou,2021-01-22,1328,3392,1176,2180,152,1212,0,0,1328,2493,0,450,1328,2943,California
Siskiyou,2021-01-23,5,3397,1,2181,4,1216,0,0,2,2492,3,453,2,2945,California
Siskiyou,2021-01-25,182,3579,8,2189,174,1390,0,0,178,2666,4,457,178,3123,California
Siskiyou,2021-01-26,148,3727,3,2192,145,1535,0,0,140,2798,8,465,140,3263,California
Siskiyou,2021-01-27,181,3908,1,2193,180,1715,0,0,126,2869,55,520,126,3389,California
Siskiyou,2021-01-28,232,4140,118,2311,114,1829,0,0,226,3089,6,526,226,3615,California
Siskiyou,2021-01-29,248,4388,2,2313,246,2075,0,0,246,3333,2,528,246,3861,California
Siskiyou,2021-01-30,3,4391,2,2315,1,2076,0,0,3,3336,0,528,3,3864,California
Siskiyou,2021-02-01,195,4586,3,2318,192,2268,0,0,105,3351,90,618,105,3969,California
Siskiyou,2021-02-02,289,4875,45,2363,244,2512,0,0,147,3356,142,760,147,4116,California
Siskiyou,2021-02-03,314,5189,1,2364,313,2825,0,0,264,3570,50,810,264,4380,California
Siskiyou,2021-02-04,321,5510,7,2371,314,3139,0,0,200,3649,121,931,200,4580,California
Siskiyou,2021-02-05,513,6023,4,2375,509,3648,0,0,348,3832,165,1096,348,4928,California
Siskiyou,2021-02-06,15,6038,0,2375,15,3663,0,0,15,3847,0,1096,15,4943,California
Siskiyou,2021-02-07,3,6041,2,2377,1,3664,0,0,3,3850,0,1096,3,4946,California
Siskiyou,2021-02-08,221,6262,5,2382,216,3880,0,0,216,4061,5,1101,216,5162,California
Siskiyou,2021-02-09,196,6458,4,2386,192,4072,0,0,163,4191,33,1134,163,5325,California
Siskiyou,2021-02-10,370,6828,40,2426,330,4402,0,0,317,4456,52,1186,317,5642,California
Siskiyou,2021-02-11,190,7018,1,2427,189,4591,0,0,174,4614,16,1202,174,5816,California
Siskiyou,2021-02-12,1691,8709,1199,3626,492,5083,0,0,501,3925,1190,2392,501,6317,California
Siskiyou,2021-02-13,36,8745,2,3628,34,5117,0,0,32,3953,4,2396,32,6349,California
Siskiyou,2021-02-14,5,8750,1,3629,4,5121,0,0,5,3958,0,2396,5,6354,California
Siskiyou,2021-02-15,107,8857,10,3639,97,5218,0,0,105,4061,2,2398,105,6459,California
Siskiyou,2021-02-16,114,8971,2,3641,112,5330,0,0,99,4145,15,2413,99,6558,California
Siskiyou,2021-02-17,185,9156,15,3656,170,5500,0,0,171,4302,14,2427,171,6729,California
Siskiyou,2021-02-18,222,9378,89,3745,133,5633,0,0,98,4276,124,2551,98,6827,California
Siskiyou,2021-02-19,70,9448,33,3778,37,5670,0,0,34,4274,36,2587,34,6861,California
Siskiyou,2021-02-20,21,9469,3,3781,18,5688,0,0,17,4287,4,2591,17,6878,California
Siskiyou,2021-02-21,1,9470,1,3782,0,5688,0,0,1,4288,0,2591,1,6879,California
Siskiyou,2021-02-22,124,9594,1,3783,123,5811,0,0,18,4200,106,2697,18,6897,California
Siskiyou,2021-02-23,196,9790,15,3798,181,5992,0,0,52,4108,144,2841,52,6949,California
Siskiyou,2021-02-24,147,9937,4,3802,143,6135,0,0,35,4031,112,2953,35,6984,California
Siskiyou,2021-02-25,300,10237,24,3826,276,6411,0,0,154,4039,146,3099,154,7138,California
Siskiyou,2021-02-26,668,10905,9,3835,659,7070,0,0,366,4103,302,3401,366,7504,California
Siskiyou,2021-02-27,33,10938,5,3840,28,7098,0,0,28,4126,5,3406,28,7532,California
Siskiyou,2021-02-28,5,10943,4,3844,1,7099,0,0,4,4129,1,3407,4,7536,California
Siskiyou,2021-03-01,280,11223,6,3850,274,7373,0,0,50,3949,230,3637,50,7586,California
Siskiyou,2021-03-02,190,11413,1,3851,189,7562,0,0,70,3899,120,3757,70,7656,California
Siskiyou,2021-03-03,343,11756,7,3858,336,7898,0,0,153,3862,190,3947,153,7809,California
Siskiyou,2021-03-04,782,12538,610,4468,172,8070,0,0,626,4332,156,4103,626,8435,California
Siskiyou,2021-03-05,325,12863,6,4474,308,8378,11,11,104,4229,218,4321,115,8550,California
Siskiyou,2021-03-06,43,12906,3,4477,33,8411,7,18,28,4249,15,4336,35,8585,California
Siskiyou,2021-03-07,12,12918,4,4481,0,8411,8,26,3,4251,9,4345,11,8596,California
Siskiyou,2021-03-08,361,13279,31,4512,295,8706,35,61,59,4043,302,4647,94,8690,California
Siskiyou,2021-03-09,161,13440,0,4512,108,8814,53,114,55,4045,106,4753,108,8798,California
Siskiyou,2021-03-10,220,13660,7,4519,183,8997,30,144,31,3917,189,4942,61,8859,California
Siskiyou,2021-03-11,470,14130,203,4722,220,9217,47,191,270,4035,199,5141,317,9176,California
Siskiyou,2021-03-12,646,14776,141,4863,466,9683,39,230,184,3798,460,5601,223,9399,California
Siskiyou,2021-03-13,428,15204,381,5244,24,9707,23,253,382,4157,46,5647,405,9804,California
Siskiyou,2021-03-14,20,15224,1,5245,3,9710,16,269,2,4157,18,5665,18,9822,California
Siskiyou,2021-03-15,453,15677,257,5502,176,9886,20,289,321,4366,132,5797,341,10163,California
Siskiyou,2021-03-16,255,15932,32,5534,206,10092,17,306,140,4409,114,5911,157,10320,California
Siskiyou,2021-03-17,202,16134,9,5543,185,10277,8,314,34,4283,168,6079,42,10362,California
Siskiyou,2021-03-18,926,17060,788,6331,126,10403,12,326,810,4989,116,6195,822,11184,California
Siskiyou,2021-03-19,66,17126,9,6340,44,10447,13,339,20,4976,46,6241,33,11217,California
Siskiyou,2021-03-20,30,17156,7,6347,18,10465,5,344,6,4963,24,6265,11,11228,California
Siskiyou,2021-03-21,10,17166,4,6351,1,10466,5,349,4,4966,6,6271,9,11237,California
Siskiyou,2021-03-22,207,17373,21,6372,164,10630,22,371,144,5072,60,6331,166,11403,California
Siskiyou,2021-03-23,195,17568,19,6391,166,10796,10,381,141,5169,54,6385,151,11554,California
Siskiyou,2021-03-24,141,17709,48,6439,93,10889,0,381,116,5260,25,6410,116,11670,California
Siskiyou,2021-03-25,569,18278,318,6757,248,11137,3,384,398,5490,171,6581,401,12071,California
Siskiyou,2021-03-26,304,18582,35,6792,269,11406,0,384,104,5396,198,6779,104,12175,California
Siskiyou,2021-03-27,37,18619,4,6796,28,11434,5,389,9,5382,28,6807,14,12189,California
Siskiyou,2021-03-28,8,18627,7,6803,1,11435,0,389,5,5384,3,6810,5,12194,California
Siskiyou,2021-03-29,98,18725,11,6814,85,11520,2,391,47,5383,50,6860,49,12243,California
Siskiyou,2021-03-30,99,18824,4,6818,94,11614,1,392,39,5363,60,6920,40,12283,California
Siskiyou,2021-03-31,190,19014,21,6839,166,11780,3,395,50,5278,139,7059,54,12337,California
Siskiyou,2021-04-01,823,19837,667,7506,156,11936,0,395,217,4889,606,7665,217,12554,California
Siskiyou,2021-04-02,345,20182,197,7703,144,12080,4,399,65,4680,278,7943,69,12623,California
Siskiyou,2021-04-03,26,20208,5,7708,14,12094,7,406,5,4671,21,7964,12,12635,California
Siskiyou,2021-04-04,2,20210,2,7710,0,12094,0,406,1,4671,1,7965,1,12636,California
Siskiyou,2021-04-05,436,20646,330,8040,79,12173,27,433,24,4311,411,8376,51,12687,California
Siskiyou,2021-04-06,214,20860,32,8072,129,12302,53,486,122,4394,91,8467,174,12861,California
Siskiyou,2021-04-07,115,20975,11,8083,62,12364,42,528,65,4451,50,8517,107,12968,California
Siskiyou,2021-04-08,346,21321,183,8266,122,12486,41,569,60,4266,286,8803,101,13069,California
Siskiyou,2021-04-09,547,21868,380,8646,130,12616,37,606,84,3926,462,9265,122,13191,California
Siskiyou,2021-04-10,46,21914,6,8652,3,12619,37,643,7,3931,39,9304,44,13235,California
Siskiyou,2021-04-11,8,21922,5,8657,1,12620,2,645,2,3929,6,9310,4,13239,California
Siskiyou,2021-04-12,129,22051,25,8682,103,12723,1,646,49,3899,80,9390,50,13289,California
Siskiyou,2021-04-13,204,22255,36,8718,167,12890,1,647,78,3852,126,9516,79,13368,California
Siskiyou,2021-04-14,158,22413,66,8784,92,12982,0,647,86,3868,70,9586,86,13454,California
Siskiyou,2021-04-15,1116,23529,956,9740,160,13142,0,647,436,3624,680,10266,436,13890,California
Siskiyou,2021-04-16,289,23818,198,9938,91,13233,0,647,258,3852,30,10296,258,14148,California
Siskiyou,2021-04-17,12,23830,9,9947,3,13236,0,647,8,3856,4,10300,8,14156,California
Siskiyou,2021-04-18,5,23835,3,9950,2,13238,0,647,2,3855,3,10303,2,14158,California
Siskiyou,2021-04-19,125,23960,22,9972,103,13341,0,647,43,3816,82,10385,43,14201,California
Siskiyou,2021-04-20,236,24196,4,9976,232,13573,0,647,93,3766,143,10528,93,14294,California
Siskiyou,2021-04-21,96,24292,12,9988,84,13657,0,647,26,3722,70,10598,26,14320,California
Siskiyou,2021-04-22,414,24706,302,10290,112,13769,0,647,50,3408,364,10962,50,14370,California
Siskiyou,2021-04-23,158,24864,13,10303,145,13914,0,647,136,3523,21,10983,136,14506,California
Siskiyou,2021-04-24,27,24891,4,10307,23,13937,0,647,19,3534,8,10991,19,14525,California
Siskiyou,2021-04-25,2,24893,0,10307,2,13939,0,647,2,3536,0,10991,2,14527,California
Siskiyou,2021-04-26,100,24993,7,10314,88,14027,5,652,25,3491,75,11066,30,14557,California
Siskiyou,2021-04-27,102,25095,3,10317,97,14124,2,654,83,3560,16,11082,85,14642,California
Siskiyou,2021-04-28,111,25206,9,10326,94,14218,8,662,54,3565,57,11139,62,14704,California
Siskiyou,2021-04-29,100,25306,14,10340,85,14303,1,663,29,3524,71,11210,30,14734,California
Siskiyou,2021-04-30,83,25389,18,10358,64,14367,1,664,38,3520,42,11252,38,14772,California
Siskiyou,2021-05-01,8,25397,4,10362,1,14368,3,667,5,3525,3,11255,8,14780,California
Siskiyou,2021-05-02,8,25405,3,10365,5,14373,0,667,7,3531,1,11256,7,14787,California
Solano,2020-12-15,4,4,4,4,0,0,0,0,4,4,0,0,4,4,California
Solano,2020-12-16,71,75,71,75,0,0,0,0,71,75,0,0,71,75,California
Solano,2020-12-17,153,228,153,228,0,0,0,0,153,228,0,0,153,228,California
Solano,2020-12-18,445,673,444,672,1,1,0,0,445,673,0,0,445,673,California
Solano,2020-12-19,517,1190,517,1189,0,1,0,0,517,1190,0,0,517,1190,California
Solano,2020-12-20,355,1545,353,1542,2,3,0,0,355,1545,0,0,355,1545,California
Solano,2020-12-21,573,2118,571,2113,2,5,0,0,573,2118,0,0,573,2118,California
Solano,2020-12-22,663,2781,630,2743,33,38,0,0,663,2781,0,0,663,2781,California
Solano,2020-12-23,860,3641,773,3516,87,125,0,0,859,3640,0,0,859,3640,California
Solano,2020-12-24,421,4062,170,3686,251,376,0,0,421,4061,0,0,421,4061,California
Solano,2020-12-25,10,4072,2,3688,8,384,0,0,10,4071,0,0,10,4071,California
Solano,2020-12-26,175,4247,48,3736,127,511,0,0,175,4246,0,0,175,4246,California
Solano,2020-12-27,104,4351,29,3765,75,586,0,0,104,4350,0,0,104,4350,California
Solano,2020-12-28,864,5215,421,4186,443,1029,0,0,864,5214,0,0,864,5214,California
Solano,2020-12-29,893,6108,374,4560,519,1548,0,0,893,6107,0,0,893,6107,California
Solano,2020-12-30,1211,7319,599,5159,612,2160,0,0,1211,7318,0,0,1211,7318,California
Solano,2020-12-31,537,7856,136,5295,401,2561,0,0,537,7855,0,0,537,7855,California
Solano,2021-01-01,14,7870,13,5308,1,2562,0,0,14,7869,0,0,14,7869,California
Solano,2021-01-02,212,8082,164,5472,48,2610,0,0,212,8081,0,0,212,8081,California
Solano,2021-01-03,57,8139,40,5512,17,2627,0,0,52,8133,0,0,52,8133,California
Solano,2021-01-04,450,8589,245,5757,205,2832,0,0,440,8570,3,3,440,8573,California
Solano,2021-01-05,725,9314,377,6134,348,3180,0,0,571,8992,149,152,571,9144,California
Solano,2021-01-06,843,10157,436,6570,407,3587,0,0,581,9313,260,412,581,9725,California
Solano,2021-01-07,1064,11221,683,7253,381,3968,0,0,607,9466,455,867,608,10333,California
Solano,2021-01-08,1135,12356,777,8030,358,4326,0,0,542,9435,575,1442,544,10877,California
Solano,2021-01-09,885,13241,763,8793,122,4448,0,0,428,9409,454,1896,428,11305,California
Solano,2021-01-10,254,13495,194,8987,60,4508,0,0,153,9461,101,1997,153,11458,California
Solano,2021-01-11,1328,14823,1117,10104,211,4719,0,0,812,9757,516,2513,812,12270,California
Solano,2021-01-12,1566,16389,1168,11272,398,5117,0,0,1015,10223,550,3063,1016,13286,California
Solano,2021-01-13,1464,17853,1004,12276,460,5577,0,0,1204,11169,258,3321,1204,14490,California
Solano,2021-01-14,1868,19721,798,13074,1070,6647,0,0,1554,12409,314,3635,1554,16044,California
Solano,2021-01-15,1694,21415,1059,14133,635,7282,0,0,1396,13507,298,3933,1396,17440,California
Solano,2021-01-16,1290,22705,903,15036,387,7669,0,0,1115,14447,175,4108,1115,18555,California
Solano,2021-01-17,1043,23748,760,15796,283,7952,0,0,1025,15454,18,4126,1025,19580,California
Solano,2021-01-18,1415,25163,857,16653,558,8510,0,0,1297,16635,118,4244,1299,20879,California
Solano,2021-01-19,1645,26808,1336,17989,309,8819,0,0,1373,17737,271,4515,1373,22252,California
Solano,2021-01-20,2032,28840,1421,19410,611,9430,0,0,1547,18802,482,4997,1547,23799,California
Solano,2021-01-21,3159,31999,1001,20411,2158,11588,0,0,2815,21274,344,5341,2816,26615,California
Solano,2021-01-22,1754,33753,843,21254,911,12499,0,0,1564,22648,190,5531,1564,28179,California
Solano,2021-01-23,733,34486,239,21493,494,12993,0,0,530,22975,204,5735,531,28710,California
Solano,2021-01-24,402,34888,60,21553,342,13335,0,0,336,23245,66,5801,336,29046,California
Solano,2021-01-25,1640,36528,622,22175,1018,14353,0,0,1089,23784,551,6352,1090,30136,California
Solano,2021-01-26,1774,38302,737,22912,1037,15390,0,0,1142,24296,631,6983,1143,31279,California
Solano,2021-01-27,1775,40077,725,23637,1050,16440,0,0,1181,24896,581,7564,1181,32460,California
Solano,2021-01-28,1903,41980,703,24340,1200,17640,0,0,1312,25619,590,8154,1313,33773,California
Solano,2021-01-29,1698,43678,783,25123,915,18555,0,0,1345,26613,351,8505,1345,35118,California
Solano,2021-01-30,710,44388,220,25343,490,19045,0,0,549,27001,161,8666,549,35667,California
Solano,2021-01-31,486,44874,394,25737,92,19137,0,0,231,26978,255,8921,232,35899,California
Solano,2021-02-01,1507,46381,987,26724,520,19657,0,0,766,27006,738,9659,766,36665,California
Solano,2021-02-02,3352,49733,1112,27836,2240,21897,0,0,2530,28718,818,10477,2530,39195,California
Solano,2021-02-03,2259,51992,1303,29139,956,22853,0,0,1165,28793,1090,11567,1165,40360,California
Solano,2021-02-04,1795,53787,908,30047,887,23740,0,0,1077,29157,713,12280,1077,41437,California
Solano,2021-02-05,3077,56864,1408,31455,1669,25409,0,0,2078,30245,990,13270,2078,43515,California
Solano,2021-02-06,3044,59908,1169,32624,1875,27284,0,0,2229,31663,811,14081,2229,45744,California
Solano,2021-02-07,849,60757,785,33409,64,27348,0,0,232,31278,617,14698,232,45976,California
Solano,2021-02-08,1739,62496,1233,34642,506,27854,0,0,705,30951,1032,15730,705,46681,California
Solano,2021-02-09,1915,64411,1481,36123,434,28288,0,0,689,30415,1225,16955,689,47370,California
Solano,2021-02-10,2261,66672,1500,37623,761,29049,0,0,830,29814,1431,18386,830,48200,California
Solano,2021-02-11,2457,69129,1448,39071,1009,30058,0,0,1173,29714,1273,19659,1173,49373,California
Solano,2021-02-12,4158,73287,1599,40670,2559,32617,0,0,2837,31237,1314,20973,2837,52210,California
Solano,2021-02-13,2821,76108,245,40915,2576,35193,0,0,2433,33285,385,21358,2433,54643,California
Solano,2021-02-14,691,76799,201,41116,490,35683,0,0,411,33419,278,21636,412,55055,California
Solano,2021-02-15,1298,78097,324,41440,974,36657,0,0,673,33468,624,22260,673,55728,California
Solano,2021-02-16,2495,80592,1327,42767,1168,37825,0,0,1646,34266,848,23108,1646,57374,California
Solano,2021-02-17,2922,83514,1433,44200,1489,39314,0,0,1940,35228,979,24087,1941,59315,California
Solano,2021-02-18,2744,86258,845,45045,1899,41213,0,0,822,34136,1915,26002,823,60138,California
Solano,2021-02-19,2354,88612,1405,46450,949,42162,0,0,1142,34072,1208,27210,1144,61282,California
Solano,2021-02-20,2548,91160,381,46831,2167,44329,0,0,2077,35677,472,27682,2077,63359,California
Solano,2021-02-21,2141,93301,1860,48691,281,44610,0,0,1857,37254,280,27962,1857,65216,California
Solano,2021-02-22,1711,95012,1042,49733,669,45279,0,0,906,37358,803,28765,907,66123,California
Solano,2021-02-23,2823,97835,1087,50820,1736,47015,0,0,1922,38382,898,29663,1922,68045,California
Solano,2021-02-24,2463,100298,1234,52054,1229,48244,0,0,1384,38689,1077,30740,1384,69429,California
Solano,2021-02-25,2376,102674,1431,53485,945,49189,0,0,1297,38913,1073,31813,1297,70726,California
Solano,2021-02-26,2951,105625,1809,55294,1142,50331,0,0,1643,39253,1303,33116,1643,72369,California
Solano,2021-02-27,3644,109269,1373,56667,2270,52601,1,1,2952,41522,684,33800,2953,75322,California
Solano,2021-02-28,1355,110624,1039,57706,316,52917,0,1,1078,42326,274,34074,1078,76400,California
Solano,2021-03-01,2418,113042,1049,58755,1368,54285,1,2,1816,43545,598,34672,1817,78217,California
Solano,2021-03-02,2145,115187,1363,60118,782,55067,0,2,1268,43936,877,35549,1268,79485,California
Solano,2021-03-03,2202,117389,1251,61369,951,56018,0,2,1370,44483,824,36373,1371,80856,California
Solano,2021-03-04,4335,121724,3399,64768,934,56952,2,4,3151,46462,1177,37550,3156,84012,California
Solano,2021-03-05,4887,126611,1663,66431,3219,60171,5,9,3944,49478,933,38483,3949,87961,California
Solano,2021-03-06,3833,130444,826,67257,2968,63139,39,48,2644,50981,1180,39663,2683,90644,California
Solano,2021-03-07,3534,133978,735,67992,2789,65928,10,58,1950,51368,1574,41237,1961,92605,California
Solano,2021-03-08,2106,136084,1314,69306,522,66450,270,328,1594,52722,508,41745,1862,94467,California
Solano,2021-03-09,3128,139212,1508,70814,1568,68018,52,380,2269,54181,859,42604,2318,96785,California
Solano,2021-03-10,2366,141578,1716,72530,564,68582,86,466,1251,54405,1111,43715,1335,98120,California
Solano,2021-03-11,5977,147555,1724,74254,3999,72581,254,720,4934,58551,1042,44757,5188,103308,California
Solano,2021-03-12,5955,153510,1560,75814,4222,76803,173,893,3176,59125,2775,47532,3349,106657,California
Solano,2021-03-13,4572,158082,804,76618,3684,80487,84,977,2242,59130,2323,49855,2328,108985,California
Solano,2021-03-14,3987,162069,3111,79729,423,80910,453,1430,1652,58902,2330,52185,2102,111087,California
Solano,2021-03-15,3999,166068,2443,82172,1239,82149,317,1747,2511,60250,1480,53665,2828,113915,California
Solano,2021-03-16,3054,169122,1324,83496,1495,83644,235,1982,1559,60553,1490,55155,1793,115708,California
Solano,2021-03-17,6244,175366,1662,85158,4491,88135,91,2073,4828,64059,1413,56568,4919,120627,California
Solano,2021-03-18,5155,180521,1817,86975,3302,91437,36,2109,3805,66557,1342,57910,3840,124467,California
Solano,2021-03-19,3242,183763,2327,89302,842,92279,73,2182,1748,66892,1487,59397,1822,126289,California
Solano,2021-03-20,5492,189255,1666,90968,3772,96051,54,2236,2823,67109,2660,62057,2877,129166,California
Solano,2021-03-21,1664,190919,1563,92531,77,96128,24,2260,851,67171,811,62868,873,130039,California
Solano,2021-03-22,2642,193561,2018,94549,574,96702,50,2310,1668,67917,968,63836,1714,131753,California
Solano,2021-03-23,3439,197000,1609,96158,1787,98489,43,2353,1439,67402,1996,65832,1481,133234,California
Solano,2021-03-24,2805,199805,1757,97915,1014,99503,34,2387,1366,67369,1433,67265,1400,134634,California
Solano,2021-03-25,4818,204623,3948,101863,835,100338,35,2422,2268,67127,2546,69811,2304,136938,California
Solano,2021-03-26,3205,207828,2081,103944,1088,101426,36,2458,1739,67444,1458,71269,1775,138713,California
Solano,2021-03-27,4181,212009,1146,105090,2999,104425,36,2494,1800,66905,2375,73644,1836,140549,California
Solano,2021-03-28,1411,213420,1103,106193,290,104715,18,2512,566,66649,841,74485,585,141134,California
Solano,2021-03-29,3460,216880,2027,108220,1416,106131,17,2529,1599,66413,1852,76337,1616,142750,California
Solano,2021-03-30,2981,219861,2007,110227,884,107015,90,2619,1895,67314,1084,77421,1985,144735,California
Solano,2021-03-31,3106,222967,2111,112338,836,107851,159,2778,1841,68048,1262,78683,1996,146731,California
Solano,2021-04-01,5489,228456,2077,114415,3268,111119,144,2922,3480,69677,1996,80679,3625,150356,California
Solano,2021-04-02,6466,234922,2208,116623,4092,115211,166,3088,2484,68359,3967,84646,2649,153005,California
Solano,2021-04-03,1517,236439,956,117579,408,115619,153,3241,553,68103,962,85608,706,153711,California
Solano,2021-04-04,777,237216,286,117865,190,115809,301,3542,239,68109,534,86142,540,154251,California
Solano,2021-04-05,2951,240167,2010,119875,735,116544,206,3748,1505,68375,1444,87586,1710,155961,California
Solano,2021-04-06,5724,245891,1617,121492,3617,120161,490,4238,1556,66258,4162,91748,2045,158006,California
Solano,2021-04-07,5672,251563,4352,125844,927,121088,393,4631,3212,67413,2449,94197,3604,161610,California
Solano,2021-04-08,6377,257940,1762,127606,3760,124848,855,5486,1786,65483,4565,98762,2635,164245,California
Solano,2021-04-09,6135,264075,1638,129244,3728,128576,769,6255,1503,63141,4613,103375,2271,166516,California
Solano,2021-04-10,1702,265777,944,130188,445,129021,313,6568,785,63323,916,104291,1098,167614,California
Solano,2021-04-11,1202,266979,741,130929,334,129355,127,6695,617,63485,582,104873,744,168358,California
Solano,2021-04-12,3242,270221,1666,132595,1217,130572,359,7054,1340,63285,1897,106770,1697,170055,California
Solano,2021-04-13,2518,272739,1086,133681,1431,132003,1,7055,1315,63402,1199,107969,1316,171371,California
Solano,2021-04-14,6351,279090,1926,135607,4425,136428,0,7055,1880,60824,4458,112427,1880,173251,California
Solano,2021-04-15,5382,284472,2117,137724,3265,139693,0,7055,1626,58705,3745,116172,1626,174877,California
Solano,2021-04-16,3640,288112,2551,140275,1087,140780,2,7057,2272,59618,1361,117533,2274,177151,California
Solano,2021-04-17,3226,291338,1057,141332,2169,142949,0,7057,1131,58662,2088,119621,1132,178283,California
Solano,2021-04-18,994,292332,599,141931,395,143344,0,7057,529,58727,464,120085,529,178812,California
Solano,2021-04-19,2049,294381,1154,143085,895,144239,0,7057,1138,58961,906,120991,1140,179952,California
Solano,2021-04-20,2982,297363,1816,144901,1166,145405,0,7057,1670,59322,1309,122300,1670,181622,California
Solano,2021-04-21,3460,300823,2295,147196,1165,146570,0,7057,1740,59347,1715,124015,1740,183362,California
Solano,2021-04-22,2878,303701,1434,148630,1444,148014,0,7057,1765,60002,1110,125125,1765,185127,California
Solano,2021-04-23,4092,307793,2045,150675,2047,150061,0,7057,2452,60824,1631,126756,2453,187580,California
Solano,2021-04-24,3290,311083,2214,152889,1074,151135,2,7059,2346,62285,887,127643,2348,189928,California
Solano,2021-04-25,1430,312513,1116,154005,314,151449,0,7059,1131,63124,292,127935,1131,191059,California
Solano,2021-04-26,2372,314885,1550,155555,818,152267,4,7063,1261,63290,1099,129034,1265,192324,California
Solano,2021-04-27,2267,317152,1198,156753,1046,153313,23,7086,1263,63579,998,130032,1287,193611,California
Solano,2021-04-28,3895,321047,2953,159706,901,154214,41,7127,2510,64754,1376,131408,2551,196162,California
Solano,2021-04-29,2547,323594,957,160663,1559,155773,31,7158,1089,64425,1449,132857,1120,197282,California
Solano,2021-04-30,2829,326423,1459,162122,1296,157069,74,7232,1363,64404,1459,134316,1438,198720,California
Solano,2021-05-01,1512,327935,1252,163374,186,157255,74,7306,854,64679,654,134970,929,199649,California
Solano,2021-05-02,884,328819,805,164179,77,157332,2,7308,445,64691,435,135405,447,200096,California
Sonoma,2020-12-15,4,4,4,4,0,0,0,0,4,4,0,0,4,4,California
Sonoma,2020-12-16,27,31,27,31,0,0,0,0,27,31,0,0,27,31,California
Sonoma,2020-12-17,103,134,103,134,0,0,0,0,103,134,0,0,103,134,California
Sonoma,2020-12-18,421,555,421,555,0,0,0,0,421,555,0,0,421,555,California
Sonoma,2020-12-19,111,666,110,665,1,1,0,0,111,666,0,0,111,666,California
Sonoma,2020-12-20,174,840,174,839,0,1,0,0,174,840,0,0,174,840,California
Sonoma,2020-12-21,910,1750,908,1747,2,3,0,0,909,1749,0,0,909,1749,California
Sonoma,2020-12-22,1354,3104,1262,3009,92,95,0,0,1354,3103,0,0,1354,3103,California
Sonoma,2020-12-23,1605,4709,1229,4238,376,471,0,0,1606,4709,0,0,1606,4709,California
Sonoma,2020-12-24,305,5014,101,4339,204,675,0,0,305,5014,0,0,305,5014,California
Sonoma,2020-12-25,8,5022,2,4341,6,681,0,0,8,5022,0,0,8,5022,California
Sonoma,2020-12-26,267,5289,256,4597,11,692,0,0,267,5289,0,0,267,5289,California
Sonoma,2020-12-27,93,5382,80,4677,13,705,0,0,93,5382,0,0,93,5382,California
Sonoma,2020-12-28,986,6368,552,5229,434,1139,0,0,957,6339,0,0,957,6339,California
Sonoma,2020-12-29,1129,7497,776,6005,353,1492,0,0,1095,7434,0,0,1095,7434,California
Sonoma,2020-12-30,1093,8590,479,6484,614,2106,0,0,1085,8519,0,0,1085,8519,California
Sonoma,2020-12-31,517,9107,71,6555,446,2552,0,0,518,9037,0,0,518,9037,California
Sonoma,2021-01-01,10,9117,5,6560,5,2557,0,0,10,9047,0,0,10,9047,California
Sonoma,2021-01-02,132,9249,126,6686,6,2563,0,0,132,9179,0,0,132,9179,California
Sonoma,2021-01-03,25,9274,11,6697,14,2577,0,0,25,9204,0,0,25,9204,California
Sonoma,2021-01-04,341,9615,105,6802,236,2813,0,0,340,9544,0,0,340,9544,California
Sonoma,2021-01-05,438,10053,102,6904,336,3149,0,0,414,9943,15,15,414,9958,California
Sonoma,2021-01-06,947,11000,433,7337,514,3663,0,0,835,10673,105,120,835,10793,California
Sonoma,2021-01-07,1029,12029,535,7872,494,4157,0,0,859,11363,169,289,859,11652,California
Sonoma,2021-01-08,1785,13814,1229,9101,556,4713,0,0,1314,12208,469,758,1314,12966,California
Sonoma,2021-01-09,640,14454,403,9504,237,4950,0,0,592,12752,48,806,592,13558,California
Sonoma,2021-01-10,472,14926,461,9965,11,4961,0,0,279,12838,193,999,279,13837,California
Sonoma,2021-01-11,1382,16308,1236,11201,146,5107,0,0,414,12288,964,1963,414,14251,California
Sonoma,2021-01-12,1546,17854,1293,12494,253,5360,0,0,395,11534,1149,3112,395,14646,California
Sonoma,2021-01-13,2073,19927,1427,13921,646,6006,0,0,1212,11888,858,3970,1212,15858,California
Sonoma,2021-01-14,1530,21457,808,14729,722,6728,0,0,1300,12958,230,4200,1300,17158,California
Sonoma,2021-01-15,1564,23021,634,15363,930,7658,0,0,1344,14092,211,4411,1345,18503,California
Sonoma,2021-01-16,1143,24164,616,15979,527,8185,0,0,897,14747,242,4653,897,19400,California
Sonoma,2021-01-17,669,24833,548,16527,121,8306,0,0,588,15254,81,4734,588,19988,California
Sonoma,2021-01-18,1104,25937,931,17458,173,8479,0,0,614,15379,490,5224,615,20603,California
Sonoma,2021-01-19,2094,28031,1004,18462,1090,9569,0,0,1385,16058,707,5931,1386,21989,California
Sonoma,2021-01-20,2073,30104,624,19086,1449,11018,0,0,1412,16819,652,6583,1413,23402,California
Sonoma,2021-01-21,2236,32340,621,19707,1615,12633,0,0,2017,18620,217,6800,2018,25420,California
Sonoma,2021-01-22,2731,35071,1038,20745,1693,14326,0,0,2583,21056,147,6947,2583,28003,California
Sonoma,2021-01-23,768,35839,593,21338,175,14501,0,0,661,21611,106,7053,661,28664,California
Sonoma,2021-01-24,851,36690,715,22053,136,14637,0,0,835,22430,16,7069,835,29499,California
Sonoma,2021-01-25,2171,38861,520,22573,1651,16288,0,0,1684,23627,487,7556,1684,31183,California
Sonoma,2021-01-26,2013,40874,301,22874,1712,18000,0,0,1557,24729,455,8011,1557,32740,California
Sonoma,2021-01-27,3697,44571,1279,24153,2418,20418,0,0,3124,27285,571,8582,3127,35867,California
Sonoma,2021-01-28,4115,48686,1845,25998,2270,22688,0,0,3445,30064,667,9249,3446,39313,California
Sonoma,2021-01-29,2964,51650,1410,27408,1554,24242,0,0,2132,31367,830,10079,2133,41446,California
Sonoma,2021-01-30,2584,54234,2396,29804,188,24430,0,0,2244,33272,340,10419,2245,43691,California
Sonoma,2021-01-31,777,55011,665,30469,112,24542,0,0,579,33654,197,10616,579,44270,California
Sonoma,2021-02-01,2503,57514,884,31353,1619,26161,0,0,2098,35350,402,11018,2098,46368,California
Sonoma,2021-02-02,3447,60961,1368,32721,2079,28240,0,0,2881,37667,564,11582,2881,49249,California
Sonoma,2021-02-03,4035,64996,1323,34044,2712,30952,0,0,3105,39844,928,12510,3105,52354,California
Sonoma,2021-02-04,4196,69192,1708,35752,2488,33440,0,0,3415,42481,779,13289,3416,55770,California
Sonoma,2021-02-05,4811,74003,1739,37491,3072,36512,0,0,3798,45271,1009,14298,3799,59569,California
Sonoma,2021-02-06,2654,76657,2294,39785,360,36872,0,0,2096,46810,557,14855,2096,61665,California
Sonoma,2021-02-07,1535,78192,1400,41185,135,37007,0,0,1284,47843,251,15106,1284,62949,California
Sonoma,2021-02-08,3254,81446,1033,42218,2221,39228,0,0,2674,49938,579,15685,2674,65623,California
Sonoma,2021-02-09,3563,85009,1697,43915,1866,41094,0,0,3084,52546,477,16162,3085,68708,California
Sonoma,2021-02-10,4526,89535,2475,46390,2051,43145,0,0,3491,55009,1029,17191,3492,72200,California
Sonoma,2021-02-11,5558,95093,3008,49398,2550,45695,0,0,4378,58209,1178,18369,4378,76578,California
Sonoma,2021-02-12,5892,100985,3236,52634,2656,48351,0,0,4473,61270,1415,19784,4476,81054,California
Sonoma,2021-02-13,1983,102968,1152,53786,831,49182,0,0,1201,61692,779,20563,1201,82255,California
Sonoma,2021-02-14,2314,105282,1821,55607,493,49675,0,0,1569,62517,744,21307,1569,83824,California
Sonoma,2021-02-15,2138,107420,791,56398,1347,51022,0,0,1606,63592,531,21838,1606,85430,California
Sonoma,2021-02-16,4894,112314,2051,58449,2843,53865,0,0,3641,65984,1249,23087,3641,89071,California
Sonoma,2021-02-17,5585,117899,2890,61339,2695,56560,0,0,3586,67581,1991,25078,3588,92659,California
Sonoma,2021-02-18,6915,124814,3132,64471,3783,60343,0,0,4002,68678,2905,27983,4002,96661,California
Sonoma,2021-02-19,5511,130325,1664,66135,3847,64190,0,0,3414,70001,2092,30075,3415,100076,California
Sonoma,2021-02-20,3122,133447,2842,68977,280,64470,0,0,1218,69321,1898,31973,1218,101294,California
Sonoma,2021-02-21,517,133964,413,69390,104,64574,0,0,128,69063,386,32359,128,101422,California
Sonoma,2021-02-22,2871,136835,1353,70743,1518,66092,0,0,1196,68589,1670,34029,1196,102618,California
Sonoma,2021-02-23,3356,140191,2068,72811,1288,67380,0,0,1614,68465,1738,35767,1614,104232,California
Sonoma,2021-02-24,5629,145820,2539,75350,3090,70470,0,0,2909,68661,2715,38482,2911,107143,California
Sonoma,2021-02-25,5781,151601,2231,77581,3550,74020,0,0,3100,69101,2660,41142,3100,110243,California
Sonoma,2021-02-26,6246,157847,2748,80329,3498,77518,0,0,3964,70788,2277,43419,3964,114207,California
Sonoma,2021-02-27,4018,161865,1904,82233,2114,79632,0,0,2681,72134,1335,44754,2681,116888,California
Sonoma,2021-02-28,2332,164197,1848,84081,484,80116,0,0,612,71036,1710,46464,612,117500,California
Sonoma,2021-03-01,3734,167931,1129,85210,2605,82721,0,0,1877,71067,1847,48311,1878,119378,California
Sonoma,2021-03-02,4329,172260,1472,86682,2857,85578,0,0,2584,71914,1737,50048,2584,121962,California
Sonoma,2021-03-03,5020,177280,2624,89306,2396,87974,0,0,2307,71515,2706,52754,2307,124269,California
Sonoma,2021-03-04,5903,183183,2656,91962,3247,91221,0,0,2565,70756,3324,56078,2565,126834,California
Sonoma,2021-03-05,6418,189601,2810,94772,3593,94814,15,15,2702,69771,3703,59781,2718,129552,California
Sonoma,2021-03-06,2775,192376,1211,95983,1430,96244,134,149,1909,70953,860,60641,2042,131594,California
Sonoma,2021-03-07,1681,194057,1393,97376,253,96497,35,184,356,70021,1323,61964,391,131985,California
Sonoma,2021-03-08,4043,198100,653,98029,3215,99712,175,359,2376,70913,1657,63621,2549,134534,California
Sonoma,2021-03-09,5479,203579,3001,101030,2236,101948,242,601,2674,71031,2798,66419,2916,137450,California
Sonoma,2021-03-10,5939,209518,3167,104197,2445,104393,327,928,2395,70222,3530,69949,2721,140171,California
Sonoma,2021-03-11,7509,217027,2991,107188,3698,108091,820,1748,2555,68652,4946,74895,3376,143547,California
Sonoma,2021-03-12,7389,224416,2262,109450,3766,111857,1361,3109,2104,66846,5266,80161,3460,147007,California
Sonoma,2021-03-13,3245,227661,1543,110993,1467,113324,235,3344,1852,67538,1392,81553,2084,149091,California
Sonoma,2021-03-14,1378,229039,382,111375,855,114179,141,3485,850,68003,525,82078,990,150081,California
Sonoma,2021-03-15,5218,234257,1497,112872,3336,117515,385,3870,2191,67558,3019,85097,2574,152655,California
Sonoma,2021-03-16,6267,240524,2234,115106,3801,121316,232,4102,2902,67332,3359,88456,3133,155788,California
Sonoma,2021-03-17,6734,247258,3519,118625,3035,124351,180,4282,3282,67352,3441,91897,3461,159249,California
Sonoma,2021-03-18,7109,254367,2932,121557,3564,127915,613,4895,3180,67219,3923,95820,3790,163039,California
Sonoma,2021-03-19,7476,261843,3230,124787,4015,131930,231,5126,3192,66381,4265,100085,3427,166466,California
Sonoma,2021-03-20,3626,265469,1744,126531,1052,132982,830,5956,1971,67530,1648,101733,2797,169263,California
Sonoma,2021-03-21,1379,266848,602,127133,744,133726,33,5989,1214,68614,163,101896,1247,170510,California
Sonoma,2021-03-22,4492,271340,3088,130221,1303,135029,101,6090,3402,71031,1086,102982,3503,174013,California
Sonoma,2021-03-23,5793,277133,3599,133820,2118,137147,76,6166,4422,74166,1363,104345,4498,178511,California
Sonoma,2021-03-24,6592,283725,4263,138083,2263,139410,66,6232,3985,75626,2590,106935,4050,182561,California
Sonoma,2021-03-25,6973,290698,4187,142270,2680,142090,106,6338,4225,77232,2726,109661,4332,186893,California
Sonoma,2021-03-26,7267,297965,3444,145714,3734,145824,89,6427,3807,77683,3445,113106,3896,190789,California
Sonoma,2021-03-27,3797,301762,1501,147215,1934,147758,362,6789,1122,76498,2669,115775,1484,192273,California
Sonoma,2021-03-28,1503,303265,945,148160,531,148289,27,6816,943,76911,557,116332,970,193243,California
Sonoma,2021-03-29,2853,306118,1092,149252,1728,150017,33,6849,1582,77259,1267,117599,1615,194858,California
Sonoma,2021-03-30,5677,311795,3126,152378,2489,152506,62,6911,2994,77638,2677,120276,3056,197914,California
Sonoma,2021-03-31,5493,317288,3335,155713,1944,154450,214,7125,3205,78780,2278,122554,3420,201334,California
Sonoma,2021-04-01,6676,323964,3966,159679,2374,156824,336,7461,3579,79606,3081,125635,3907,205241,California
Sonoma,2021-04-02,5906,329870,3536,163215,2261,159085,109,7570,3559,80934,2341,127976,3669,208910,California
Sonoma,2021-04-03,3364,333234,1645,164860,1499,160584,220,7790,1461,80723,1891,129867,1680,210590,California
Sonoma,2021-04-04,1057,334291,687,165547,280,160864,90,7880,666,81092,387,130254,756,211346,California
Sonoma,2021-04-05,4355,338646,588,166135,3430,164294,337,8217,1639,80358,2710,132964,1976,213322,California
Sonoma,2021-04-06,6836,345482,3467,169602,2969,167263,400,8617,3968,81869,2855,135819,4366,217688,California
Sonoma,2021-04-07,6744,352226,3807,173409,2103,169366,834,9451,3271,82506,3464,139283,4101,221789,California
Sonoma,2021-04-08,7488,359714,4091,177500,2628,171994,769,10220,4081,83956,3396,142679,4846,226635,California
Sonoma,2021-04-09,6748,366462,3754,181254,2109,174103,885,11105,3464,85029,3272,145951,4345,230980,California
Sonoma,2021-04-10,3820,370282,1679,182933,1588,175691,553,11658,1093,83952,2718,148669,1641,232621,California
Sonoma,2021-04-11,1277,371559,603,183536,593,176284,81,11739,433,83623,843,149512,514,233135,California
Sonoma,2021-04-12,4932,376491,2053,185589,2397,178681,482,12221,1846,82866,3078,152590,2321,235456,California
Sonoma,2021-04-13,7781,384272,4612,190201,3167,181848,2,12223,2958,81011,4815,157405,2960,238416,California
Sonoma,2021-04-14,6354,390626,3589,193790,2745,184593,20,12243,2502,79695,3837,161242,2521,240937,California
Sonoma,2021-04-15,7097,397723,4036,197826,3061,187654,0,12243,3501,79611,3585,164827,3501,244438,California
Sonoma,2021-04-16,6783,404506,3411,201237,3371,191025,1,12244,3847,80528,2931,167758,3848,248286,California
Sonoma,2021-04-17,3071,407577,1494,202731,1577,192602,0,12244,1489,80442,1576,169334,1490,249776,California
Sonoma,2021-04-18,1200,408777,808,203539,392,192994,0,12244,369,79982,829,170163,369,250145,California
Sonoma,2021-04-19,3276,412053,1873,205412,1403,194397,0,12244,1444,79597,1829,171992,1444,251589,California
Sonoma,2021-04-20,6256,418309,3450,208862,2806,197203,0,12244,2371,78096,3873,175865,2372,253961,California
Sonoma,2021-04-21,6323,424632,4180,213042,2141,199344,2,12246,2913,77615,3395,179260,2914,256875,California
Sonoma,2021-04-22,6092,430724,4426,217468,1666,201010,0,12246,2469,76474,3610,182870,2469,259344,California
Sonoma,2021-04-23,7244,437968,4597,222065,2641,203651,6,12252,3609,76464,3626,186496,3616,262960,California
Sonoma,2021-04-24,2690,440658,1480,223545,1196,204847,14,12266,1524,76838,1164,187660,1538,264498,California
Sonoma,2021-04-25,1075,441733,783,224328,292,205139,0,12266,427,76619,646,188306,427,264925,California
Sonoma,2021-04-26,2554,444287,1238,225566,1291,206430,25,12291,1435,76966,1113,189419,1460,266385,California
Sonoma,2021-04-27,5038,449325,3599,229165,1343,207773,96,12387,2102,76242,2922,192341,2198,268583,California
Sonoma,2021-04-28,4252,453577,2861,232026,1223,208996,168,12555,1821,75808,2418,194759,1984,270567,California
Sonoma,2021-04-29,4068,457645,2905,234931,1024,210020,139,12694,1452,74791,2609,197368,1592,272159,California
Sonoma,2021-04-30,3874,461519,2674,237605,1150,211170,50,12744,1317,73607,2552,199920,1368,273527,California
Sonoma,2021-05-01,1763,463282,1435,239040,292,211462,36,12780,1060,74002,701,200621,1096,274623,California
Sonoma,2021-05-02,471,463753,422,239462,47,211509,2,12782,411,74356,60,200681,414,275037,California
Stanislaus,2020-12-15,3,3,3,3,0,0,0,0,3,3,0,0,3,3,California
Stanislaus,2020-12-16,37,40,37,40,0,0,0,0,37,40,0,0,37,40,California
Stanislaus,2020-12-17,74,114,74,114,0,0,0,0,74,114,0,0,74,114,California
Stanislaus,2020-12-18,337,451,331,445,6,6,0,0,337,451,0,0,337,451,California
Stanislaus,2020-12-19,133,584,133,578,0,6,0,0,133,584,0,0,133,584,California
Stanislaus,2020-12-20,85,669,85,663,0,6,0,0,85,669,0,0,85,669,California
Stanislaus,2020-12-21,997,1666,996,1659,1,7,0,0,996,1665,0,0,996,1665,California
Stanislaus,2020-12-22,795,2461,783,2442,12,19,0,0,795,2460,0,0,795,2460,California
Stanislaus,2020-12-23,447,2908,430,2872,17,36,0,0,446,2906,0,0,446,2906,California
Stanislaus,2020-12-24,97,3005,88,2960,9,45,0,0,97,3003,0,0,97,3003,California
Stanislaus,2020-12-26,51,3056,8,2968,43,88,0,0,51,3054,0,0,51,3054,California
Stanislaus,2020-12-27,11,3067,6,2974,5,93,0,0,11,3065,0,0,11,3065,California
Stanislaus,2020-12-28,489,3556,394,3368,95,188,0,0,489,3554,0,0,489,3554,California
Stanislaus,2020-12-29,494,4050,416,3784,78,266,0,0,494,4048,0,0,494,4048,California
Stanislaus,2020-12-30,534,4584,279,4063,255,521,0,0,533,4580,1,1,533,4581,California
Stanislaus,2020-12-31,275,4859,156,4219,119,640,0,0,275,4855,0,1,275,4856,California
Stanislaus,2021-01-01,12,4871,4,4223,8,648,0,0,12,4867,0,1,12,4868,California
Stanislaus,2021-01-02,31,4902,24,4247,7,655,0,0,31,4898,0,1,31,4899,California
Stanislaus,2021-01-03,90,4992,87,4334,3,658,0,0,90,4988,0,1,90,4989,California
Stanislaus,2021-01-04,111,5103,32,4366,79,737,0,0,111,5099,0,1,111,5100,California
Stanislaus,2021-01-05,832,5935,341,4707,491,1228,0,0,810,5893,21,22,815,5915,California
Stanislaus,2021-01-06,950,6885,547,5254,403,1631,0,0,880,6707,67,89,881,6796,California
Stanislaus,2021-01-07,1076,7961,700,5954,376,2007,0,0,960,7553,115,204,961,7757,California
Stanislaus,2021-01-08,1279,9240,723,6677,556,2563,0,0,938,8157,338,542,942,8699,California
Stanislaus,2021-01-09,285,9525,141,6818,144,2707,0,0,195,8262,90,632,195,8894,California
Stanislaus,2021-01-10,48,9573,21,6839,27,2734,0,0,29,8272,19,651,29,8923,California
Stanislaus,2021-01-11,1519,11092,1244,8083,275,3009,0,0,595,7965,918,1569,611,9534,California
Stanislaus,2021-01-12,1461,12553,861,8944,600,3609,0,0,825,8164,632,2201,831,10365,California
Stanislaus,2021-01-13,1422,13975,672,9616,750,4359,0,0,1102,8953,320,2521,1109,11474,California
Stanislaus,2021-01-14,2219,16194,279,9895,1940,6299,0,0,2065,10922,152,2673,2121,13595,California
Stanislaus,2021-01-15,2804,18998,1145,11040,1659,7958,0,0,2663,13517,137,2810,2732,16327,California
Stanislaus,2021-01-16,468,19466,50,11090,418,8376,0,0,453,13958,14,2824,455,16782,California
Stanislaus,2021-01-17,243,19709,201,11291,42,8418,0,0,237,14190,5,2829,237,17019,California
Stanislaus,2021-01-18,2180,21889,1021,12312,1159,9577,0,0,1809,15693,366,3195,1869,18888,California
Stanislaus,2021-01-19,1248,23137,720,13032,528,10105,0,0,805,16058,441,3636,806,19694,California
Stanislaus,2021-01-20,998,24135,483,13515,515,10620,0,0,708,16477,289,3925,708,20402,California
Stanislaus,2021-01-21,3635,27770,2941,16456,694,11314,0,0,3332,19595,301,4226,3419,23821,California
Stanislaus,2021-01-22,1058,28828,306,16762,752,12066,0,0,1014,20573,40,4266,1018,24839,California
Stanislaus,2021-01-23,338,29166,38,16800,300,12366,0,0,282,20804,55,4321,286,25125,California
Stanislaus,2021-01-24,292,29458,100,16900,192,12558,0,0,226,20966,66,4387,228,25353,California
Stanislaus,2021-01-25,3135,32593,225,17125,2910,15468,0,0,2831,23624,304,4691,2962,28315,California
Stanislaus,2021-01-26,1719,34312,743,17868,976,16444,0,0,1298,24520,417,5108,1313,29628,California
Stanislaus,2021-01-27,1828,36140,990,18858,838,17282,0,0,1173,25047,647,5755,1174,30802,California
Stanislaus,2021-01-28,2194,38334,1500,20358,694,17976,0,0,1715,26340,471,6226,1764,32566,California
Stanislaus,2021-01-29,2428,40762,1189,21547,1239,19215,0,0,1911,27822,472,6698,1954,34520,California
Stanislaus,2021-01-30,290,41052,129,21676,161,19376,0,0,227,27997,52,6750,227,34747,California
Stanislaus,2021-01-31,365,41417,312,21988,53,19429,0,0,351,28337,11,6761,351,35098,California
Stanislaus,2021-02-01,1252,42669,548,22536,704,20133,0,0,911,28917,331,7092,911,36009,California
Stanislaus,2021-02-02,1231,43900,372,22908,859,20992,0,0,779,29256,444,7536,783,36792,California
Stanislaus,2021-02-03,2458,46358,1080,23988,1378,22370,0,0,1791,30390,663,8199,1797,38589,California
Stanislaus,2021-02-04,2083,48441,720,24708,1363,23733,0,0,1571,31462,504,8703,1576,40165,California
Stanislaus,2021-02-05,2830,51271,1457,26165,1373,25106,0,0,1592,31872,1186,9889,1596,41761,California
Stanislaus,2021-02-06,882,52153,299,26464,583,25689,0,0,692,32377,188,10077,693,42454,California
Stanislaus,2021-02-07,212,52365,188,26652,24,25713,0,0,42,32251,169,10246,43,42497,California
Stanislaus,2021-02-08,2009,54374,1314,27966,695,26408,0,0,1097,32472,880,11126,1101,43598,California
Stanislaus,2021-02-09,1822,56196,774,28740,1048,27456,0,0,1042,32754,764,11890,1046,44644,California
Stanislaus,2021-02-10,1926,58122,530,29270,1396,28852,0,0,1013,32874,895,12785,1015,45659,California
Stanislaus,2021-02-11,5352,63474,3251,32521,2101,30953,0,0,1224,30145,3957,16742,1228,46887,California
Stanislaus,2021-02-12,3276,66750,907,33428,2369,33322,0,0,1452,29835,1763,18505,1453,48340,California
Stanislaus,2021-02-13,1346,68096,648,34076,698,34020,0,0,979,30455,363,18868,983,49323,California
Stanislaus,2021-02-14,420,68516,169,34245,251,34271,0,0,351,30739,67,18935,351,49674,California
Stanislaus,2021-02-15,1791,70307,217,34462,1574,35845,0,0,570,30192,1122,20057,575,50249,California
Stanislaus,2021-02-16,1353,71660,416,34878,937,36782,0,0,575,29998,771,20828,577,50826,California
Stanislaus,2021-02-17,2721,74381,1659,36537,1062,37844,0,0,1936,31159,782,21610,1943,52769,California
Stanislaus,2021-02-18,3333,77714,1885,38422,1448,39292,0,0,1790,31489,1470,23080,1800,54569,California
Stanislaus,2021-02-19,2701,80415,1043,39465,1658,40950,0,0,1519,31869,1148,24228,1528,56097,California
Stanislaus,2021-02-20,743,81158,376,39841,367,41317,0,0,482,32107,246,24474,484,56581,California
Stanislaus,2021-02-21,871,82029,656,40497,215,41532,0,0,523,32313,328,24802,534,57115,California
Stanislaus,2021-02-22,2330,84359,1683,42180,647,42179,0,0,1634,33277,672,25474,1636,58751,California
Stanislaus,2021-02-23,3685,88044,679,42859,3006,45185,0,0,1734,33202,1815,27289,1740,60491,California
Stanislaus,2021-02-24,4134,92178,2826,45685,1308,46493,0,0,3125,35338,993,28282,3129,63620,California
Stanislaus,2021-02-25,3857,96035,2628,48313,1229,47722,0,0,3061,37623,779,29061,3064,66684,California
Stanislaus,2021-02-26,4150,100185,1192,49505,2958,50680,0,0,2807,39138,1301,30362,2816,69500,California
Stanislaus,2021-02-27,2066,102251,696,50201,1369,52049,1,1,1840,40780,199,30561,1841,71341,California
Stanislaus,2021-02-28,799,103050,257,50458,542,52591,0,1,754,41497,38,30599,755,72096,California
Stanislaus,2021-03-01,2719,105769,1590,52048,1129,53720,0,1,1600,42000,1102,31701,1605,73701,California
Stanislaus,2021-03-02,2362,108131,1402,53450,959,54679,1,2,1645,42936,710,32411,1646,75347,California
Stanislaus,2021-03-03,3691,111822,2216,55666,1473,56152,2,4,2892,45045,783,33194,2892,78239,California
Stanislaus,2021-03-04,5383,117205,3067,58733,2300,58452,16,20,4185,48065,1177,34371,4197,82436,California
Stanislaus,2021-03-05,4002,121207,1104,59837,2882,61334,16,36,3043,50179,944,35315,3058,85494,California
Stanislaus,2021-03-06,3564,124771,2218,62055,1253,62587,93,129,2714,52142,846,36161,2809,88303,California
Stanislaus,2021-03-07,838,125609,380,62435,422,63009,36,165,650,52646,182,36343,686,88989,California
Stanislaus,2021-03-08,1971,127580,847,63282,1036,64045,88,253,1315,53403,645,36988,1402,90391,California
Stanislaus,2021-03-09,2154,129734,886,64168,1176,65221,92,345,1621,54595,525,37513,1717,92108,California
Stanislaus,2021-03-10,5021,134755,2469,66637,2331,67552,221,566,3709,57240,1296,38809,3941,96049,California
Stanislaus,2021-03-11,5695,140450,3125,69762,2095,69647,475,1041,4127,60430,1414,40223,4604,100653,California
Stanislaus,2021-03-12,5740,146190,1216,70978,2605,72252,1919,2960,2915,62449,2811,43034,4830,105483,California
Stanislaus,2021-03-13,3354,149544,2159,73137,1127,73379,68,3028,2681,64536,667,43701,2754,108237,California
Stanislaus,2021-03-14,973,150517,577,73714,345,73724,51,3079,484,64587,487,44188,538,108775,California
Stanislaus,2021-03-15,3671,154188,1963,75677,1352,75076,356,3435,1600,64573,1977,46165,1963,110738,California
Stanislaus,2021-03-16,4886,159074,2435,78112,2041,77117,410,3845,3527,67168,1341,47506,3936,114674,California
Stanislaus,2021-03-17,4697,163771,2846,80958,1675,78792,176,4021,2879,68430,1799,49305,3061,117735,California
Stanislaus,2021-03-18,5395,169166,3405,84363,1924,80716,66,4087,2969,69190,2280,51585,3040,120775,California
Stanislaus,2021-03-19,5905,175071,1522,85885,2858,83574,1525,5612,3102,71038,2778,54363,4626,125401,California
Stanislaus,2021-03-20,3827,178898,2994,88879,765,84339,68,5680,3357,74000,463,54826,3425,128826,California
Stanislaus,2021-03-21,977,179875,877,89756,35,84374,65,5745,746,74581,230,55056,811,129637,California
Stanislaus,2021-03-22,2793,182668,1308,91064,761,85135,724,6469,1239,75004,1539,56595,1962,131599,California
Stanislaus,2021-03-23,3929,186597,2008,93072,1661,86796,260,6729,2810,76988,1102,57697,3086,134685,California
Stanislaus,2021-03-24,4513,191110,3200,96272,1245,88041,68,6797,2632,77851,1840,59537,2703,137388,California
Stanislaus,2021-03-25,4219,195329,2900,99172,1303,89344,16,6813,1812,77346,2334,61871,1829,139217,California
Stanislaus,2021-03-26,4698,200027,1328,100500,3295,92639,75,6888,2373,77515,2292,64163,2461,141678,California
Stanislaus,2021-03-27,4294,204321,2691,103191,1574,94213,29,6917,1390,76059,2888,67051,1432,143110,California
Stanislaus,2021-03-28,1092,205413,432,103623,555,94768,105,7022,345,75783,739,67790,463,143573,California
Stanislaus,2021-03-29,2944,208357,1804,105427,1101,95869,39,7061,1977,76846,960,68750,2023,145596,California
Stanislaus,2021-03-30,3634,211991,2033,107460,1574,97443,27,7088,2222,77697,1407,70157,2258,147854,California
Stanislaus,2021-03-31,5365,217356,3804,111264,1444,98887,117,7205,2751,77982,2598,72755,2883,150737,California
Stanislaus,2021-04-01,5687,223043,3809,115073,1789,100676,89,7294,2615,77652,3059,75814,2729,153466,California
Stanislaus,2021-04-02,4919,227962,1199,116272,3570,104246,150,7444,2194,77371,2643,78457,2362,155828,California
Stanislaus,2021-04-03,4508,232470,3281,119553,1190,105436,37,7481,2222,77375,2278,80735,2282,158110,California
Stanislaus,2021-04-04,1306,233776,469,120022,808,106244,29,7510,650,77414,651,81386,690,158800,California
Stanislaus,2021-04-05,3598,237374,2514,122536,834,107078,250,7760,2336,78751,1255,82641,2592,161392,California
Stanislaus,2021-04-06,5669,243043,4146,126682,1250,108328,273,8033,3023,79421,2633,85274,3303,164695,California
Stanislaus,2021-04-07,6310,249353,3580,130262,2311,110639,419,8452,2816,79180,3481,88755,3240,167935,California
Stanislaus,2021-04-08,5621,254974,3281,133543,1909,112548,431,8883,2721,79453,2884,91639,3157,171092,California
Stanislaus,2021-04-09,4766,259740,2068,135611,2332,114880,366,9249,2157,79398,2591,94230,2536,173628,California
Stanislaus,2021-04-10,6430,266170,3939,139550,858,115738,1633,10882,1966,78547,4444,98674,3593,177221,California
Stanislaus,2021-04-11,1506,267676,842,140392,531,116269,133,11015,655,78488,848,99522,789,178010,California
Stanislaus,2021-04-12,3545,271221,2005,142397,1096,117365,444,11459,1841,79085,1695,101217,2292,180302,California
Stanislaus,2021-04-13,5131,276352,3361,145758,1757,119122,13,11472,2880,79752,2218,103435,2885,183187,California
Stanislaus,2021-04-14,4605,280957,3224,148982,1381,120503,0,11472,2230,79643,2345,105780,2236,185423,California
Stanislaus,2021-04-15,5361,286318,3303,152285,2056,122559,2,11474,3234,80790,2091,107871,3238,188661,California
Stanislaus,2021-04-16,4244,290562,967,153252,3277,125836,0,11474,1795,80176,2411,110282,1797,190458,California
Stanislaus,2021-04-17,3102,293664,2069,155321,1033,126869,0,11474,1806,80701,1285,111567,1810,192268,California
Stanislaus,2021-04-18,519,294183,206,155527,313,127182,0,11474,399,80988,114,111681,401,192669,California
Stanislaus,2021-04-19,3442,297625,2445,157972,997,128179,0,11474,1651,80885,1762,113443,1659,194328,California
Stanislaus,2021-04-20,3957,301582,2401,160373,1556,129735,0,11474,1742,80439,2190,115633,1744,196072,California
Stanislaus,2021-04-21,3770,305352,2512,162885,1257,130992,1,11475,1616,79941,2121,117754,1623,197695,California
Stanislaus,2021-04-22,3929,309281,2390,165275,1539,132531,0,11475,1586,79231,2301,120055,1591,199286,California
Stanislaus,2021-04-23,3574,312855,837,166112,2737,135268,0,11475,1468,78691,2015,122070,1475,200761,California
Stanislaus,2021-04-24,3712,316567,2910,169022,802,136070,0,11475,1755,78511,1942,124012,1762,202523,California
Stanislaus,2021-04-25,931,317498,477,169499,454,136524,0,11475,687,78964,239,124251,692,203215,California
Stanislaus,2021-04-26,3151,320649,2221,171720,924,137448,6,11481,945,77731,2191,126442,958,204173,California
Stanislaus,2021-04-27,3781,324430,2653,174373,1086,138534,42,11523,1064,76138,2700,129142,1107,205280,California
Stanislaus,2021-04-28,3961,328391,2845,177218,1058,139592,58,11581,1749,75763,2197,131339,1822,207102,California
Stanislaus,2021-04-29,3239,331630,1932,179150,1261,140853,46,11627,1235,75069,1992,133331,1298,208400,California
Stanislaus,2021-04-30,3783,335413,1759,180909,2005,142858,19,11646,1439,74234,2336,135667,1501,209901,California
Stanislaus,2021-05-01,2265,337678,1669,182578,584,143442,12,11658,792,73590,1471,137138,827,210728,California
Stanislaus,2021-05-02,676,338354,342,182920,328,143770,6,11664,340,73607,331,137469,348,211076,California
Sutter,2020-12-15,1,1,1,1,0,0,0,0,1,1,0,0,1,1,California
Sutter,2020-12-16,4,5,4,5,0,0,0,0,4,5,0,0,4,5,California
Sutter,2020-12-17,2,7,2,7,0,0,0,0,2,7,0,0,2,7,California
Sutter,2020-12-18,20,27,20,27,0,0,0,0,20,27,0,0,20,27,California
Sutter,2020-12-19,44,71,44,71,0,0,0,0,44,71,0,0,44,71,California
Sutter,2020-12-20,42,113,42,113,0,0,0,0,42,113,0,0,42,113,California
Sutter,2020-12-21,100,213,100,213,0,0,0,0,100,213,0,0,100,213,California
Sutter,2020-12-22,172,385,172,385,0,0,0,0,172,385,0,0,172,385,California
Sutter,2020-12-23,116,501,111,496,5,5,0,0,116,501,0,0,116,501,California
Sutter,2020-12-24,17,518,11,507,6,11,0,0,17,518,0,0,17,518,California
Sutter,2020-12-26,39,557,35,542,4,15,0,0,39,557,0,0,39,557,California
Sutter,2020-12-27,24,581,23,565,1,16,0,0,24,581,0,0,24,581,California
Sutter,2020-12-28,83,664,55,620,28,44,0,0,83,664,0,0,83,664,California
Sutter,2020-12-29,101,765,14,634,87,131,0,0,101,765,0,0,101,765,California
Sutter,2020-12-30,136,901,34,668,102,233,0,0,136,901,0,0,136,901,California
Sutter,2020-12-31,70,971,6,674,64,297,0,0,70,971,0,0,70,971,California
Sutter,2021-01-01,3,974,3,677,0,297,0,0,3,974,0,0,3,974,California
Sutter,2021-01-02,133,1107,131,808,2,299,0,0,133,1107,0,0,133,1107,California
Sutter,2021-01-03,1,1108,0,808,1,300,0,0,1,1108,0,0,1,1108,California
Sutter,2021-01-04,247,1355,139,947,108,408,0,0,247,1355,0,0,247,1355,California
Sutter,2021-01-05,99,1454,56,1003,43,451,0,0,97,1450,2,2,97,1452,California
Sutter,2021-01-06,204,1658,50,1053,154,605,0,0,199,1644,5,7,199,1651,California
Sutter,2021-01-07,252,1910,151,1204,101,706,0,0,243,1879,8,15,243,1894,California
Sutter,2021-01-08,147,2057,40,1244,107,813,0,0,130,1992,17,32,130,2024,California
Sutter,2021-01-09,45,2102,43,1287,2,815,0,0,4,1955,41,73,4,2028,California
Sutter,2021-01-10,397,2499,37,1324,360,1175,0,0,359,2277,37,110,359,2387,California
Sutter,2021-01-11,132,2631,114,1438,18,1193,0,0,26,2197,106,216,26,2413,California
Sutter,2021-01-12,201,2832,164,1602,37,1230,0,0,58,2112,143,359,58,2471,California
Sutter,2021-01-13,161,2993,98,1700,63,1293,0,0,71,2094,89,448,71,2542,California
Sutter,2021-01-14,145,3138,49,1749,96,1389,0,0,126,2201,19,467,126,2668,California
Sutter,2021-01-15,436,3574,132,1881,304,1693,0,0,421,2607,15,482,421,3089,California
Sutter,2021-01-16,385,3959,42,1923,343,2036,0,0,353,2929,31,513,353,3442,California
Sutter,2021-01-17,26,3985,24,1947,2,2038,0,0,10,2923,16,529,10,3452,California
Sutter,2021-01-18,116,4101,61,2008,55,2093,0,0,69,2945,47,576,69,3521,California
Sutter,2021-01-19,104,4205,43,2051,61,2154,0,0,79,2999,25,601,79,3600,California
Sutter,2021-01-20,255,4460,190,2241,65,2219,0,0,235,3214,20,621,235,3835,California
Sutter,2021-01-21,435,4895,267,2508,168,2387,0,0,416,3611,19,640,416,4251,California
Sutter,2021-01-22,268,5163,81,2589,187,2574,0,0,259,3861,9,649,259,4510,California
Sutter,2021-01-23,398,5561,40,2629,358,2932,0,0,371,4205,27,676,371,4881,California
Sutter,2021-01-24,17,5578,14,2643,3,2935,0,0,15,4218,2,678,15,4896,California
Sutter,2021-01-25,305,5883,195,2838,110,3045,0,0,151,4216,153,831,151,5047,California
Sutter,2021-01-26,244,6127,103,2941,141,3186,0,0,145,4263,98,929,145,5192,California
Sutter,2021-01-27,385,6512,255,3196,130,3316,0,0,320,4518,65,994,320,5512,California
Sutter,2021-01-28,524,7036,301,3497,223,3539,0,0,395,4785,128,1122,395,5907,California
Sutter,2021-01-29,419,7455,146,3643,273,3812,0,0,254,4874,165,1287,254,6161,California
Sutter,2021-01-30,775,8230,38,3681,737,4549,0,0,764,5627,11,1298,764,6925,California
Sutter,2021-01-31,27,8257,27,3708,0,4549,0,0,27,5654,0,1298,27,6952,California
Sutter,2021-02-01,165,8422,49,3757,116,4665,0,0,134,5757,31,1329,134,7086,California
Sutter,2021-02-02,244,8666,27,3784,217,4882,0,0,212,5937,32,1361,212,7298,California
Sutter,2021-02-03,443,9109,38,3822,405,5287,0,0,209,5912,234,1595,209,7507,California
Sutter,2021-02-04,670,9779,366,4188,304,5591,0,0,620,6482,50,1645,620,8127,California
Sutter,2021-02-05,285,10064,32,4220,253,5844,0,0,136,6469,149,1794,136,8263,California
Sutter,2021-02-06,733,10797,28,4248,705,6549,0,0,712,7160,21,1815,712,8975,California
Sutter,2021-02-07,23,10820,20,4268,3,6552,0,0,19,7175,4,1819,19,8994,California
Sutter,2021-02-08,134,10954,29,4297,105,6657,0,0,98,7237,36,1855,98,9092,California
Sutter,2021-02-09,245,11199,45,4342,200,6857,0,0,184,7360,61,1916,184,9276,California
Sutter,2021-02-10,818,12017,379,4721,439,7296,0,0,177,6897,640,2556,177,9453,California
Sutter,2021-02-11,603,12620,274,4995,329,7625,0,0,374,7042,229,2785,374,9827,California
Sutter,2021-02-12,633,13253,67,5062,566,8191,0,0,310,7030,322,3107,310,10137,California
Sutter,2021-02-13,898,14151,49,5111,849,9040,0,0,781,7694,117,3224,781,10918,California
Sutter,2021-02-14,90,14241,25,5136,65,9105,0,0,80,7764,10,3234,80,10998,California
Sutter,2021-02-15,197,14438,72,5208,125,9230,0,0,120,7807,77,3311,120,11118,California
Sutter,2021-02-16,288,14726,45,5253,243,9473,0,0,205,7930,82,3393,205,11323,California
Sutter,2021-02-17,823,15549,428,5681,395,9868,0,0,129,7365,694,4087,129,11452,California
Sutter,2021-02-18,699,16248,55,5736,644,10512,0,0,489,7645,209,4296,489,11941,California
Sutter,2021-02-19,663,16911,377,6113,286,10798,0,0,462,7908,199,4495,462,12403,California
Sutter,2021-02-20,617,17528,51,6164,566,11364,0,0,514,8320,102,4597,514,12917,California
Sutter,2021-02-21,29,17557,26,6190,3,11367,0,0,6,8303,23,4620,6,12923,California
Sutter,2021-02-22,207,17764,122,6312,85,11452,0,0,87,8270,120,4740,87,13010,California
Sutter,2021-02-23,224,17988,33,6345,191,11643,0,0,98,8242,126,4866,98,13108,California
Sutter,2021-02-24,958,18946,348,6693,610,12253,0,0,189,7663,768,5634,189,13297,California
Sutter,2021-02-25,776,19722,490,7183,286,12539,0,0,595,8080,178,5812,595,13892,California
Sutter,2021-02-26,368,20090,59,7242,309,12848,0,0,152,8018,214,6026,152,14044,California
Sutter,2021-02-27,864,20954,43,7285,821,13669,0,0,710,8572,156,6182,710,14754,California
Sutter,2021-02-28,83,21037,38,7323,45,13714,0,0,64,8618,18,6200,64,14818,California
Sutter,2021-03-01,247,21284,61,7384,186,13900,0,0,150,8671,97,6297,150,14968,California
Sutter,2021-03-02,334,21618,57,7441,277,14177,0,0,160,8658,173,6470,160,15128,California
Sutter,2021-03-03,1384,23002,514,7955,870,15047,0,0,647,8574,731,7201,647,15775,California
Sutter,2021-03-04,1256,24258,868,8823,388,15435,0,0,952,9226,300,7501,952,16727,California
Sutter,2021-03-05,336,24594,76,8899,259,15694,1,1,203,9298,132,7633,204,16931,California
Sutter,2021-03-06,1024,25618,46,8945,973,16667,5,6,862,10003,162,7795,867,17798,California
Sutter,2021-03-07,64,25682,23,8968,40,16707,1,7,44,10028,20,7815,45,17843,California
Sutter,2021-03-08,224,25906,77,9045,135,16842,12,19,156,10128,68,7883,168,18011,California
Sutter,2021-03-09,385,26291,135,9180,237,17079,13,32,182,10121,202,8085,195,18206,California
Sutter,2021-03-10,1568,27859,681,9861,826,17905,61,93,525,9667,1040,9125,586,18792,California
Sutter,2021-03-11,891,28750,438,10299,434,18339,19,112,646,10090,242,9367,665,19457,California
Sutter,2021-03-12,671,29421,109,10408,380,18719,182,294,198,9998,470,9837,378,19835,California
Sutter,2021-03-13,982,30403,749,11157,216,18935,17,311,782,10599,198,10035,799,20634,California
Sutter,2021-03-14,126,30529,20,11177,95,19030,11,322,41,10566,85,10120,52,20686,California
Sutter,2021-03-15,318,30847,66,11243,203,19233,49,371,151,10600,166,10286,200,20886,California
Sutter,2021-03-16,385,31232,85,11328,254,19487,46,417,208,10677,177,10463,254,21140,California
Sutter,2021-03-17,1496,32728,564,11892,913,20400,19,436,311,9830,1177,11640,330,21470,California
Sutter,2021-03-18,952,33680,166,12058,587,20987,199,635,564,10205,387,12027,762,22232,California
Sutter,2021-03-19,463,34143,164,12222,270,21257,29,664,283,10339,178,12205,312,22544,California
Sutter,2021-03-20,953,35096,116,12338,826,22083,11,675,865,11127,88,12293,876,23420,California
Sutter,2021-03-21,67,35163,47,12385,17,22100,3,678,37,11137,30,12323,40,23460,California
Sutter,2021-03-22,287,35450,121,12506,140,22240,26,704,211,11299,75,12398,237,23697,California
Sutter,2021-03-23,375,35825,114,12620,229,22469,32,736,252,11460,123,12521,284,23981,California
Sutter,2021-03-24,1684,37509,773,13393,841,23310,70,806,317,10494,1353,13874,387,24368,California
Sutter,2021-03-25,1034,38543,675,14068,318,23628,41,847,365,10233,667,14541,406,24774,California
Sutter,2021-03-26,482,39025,171,14239,294,23922,17,864,292,10355,187,14728,309,25083,California
Sutter,2021-03-27,934,39959,63,14302,869,24791,2,866,826,11078,105,14833,828,25911,California
Sutter,2021-03-28,125,40084,71,14373,54,24845,0,866,78,11111,45,14878,78,25989,California
Sutter,2021-03-29,421,40505,142,14515,224,25069,55,921,222,11191,197,15075,277,26266,California
Sutter,2021-03-30,475,40980,157,14672,308,25377,10,931,317,11360,158,15233,327,26593,California
Sutter,2021-03-31,1244,42224,175,14847,1053,26430,16,947,444,11029,790,16023,459,27052,California
Sutter,2021-04-01,1373,43597,727,15574,458,26888,188,1135,416,10683,950,16973,604,27656,California
Sutter,2021-04-02,514,44111,98,15672,298,27186,118,1253,205,10695,308,17281,320,27976,California
Sutter,2021-04-03,909,45020,76,15748,209,27395,624,1877,119,10650,788,18069,743,28719,California
Sutter,2021-04-04,117,45137,22,15770,89,27484,6,1883,55,10649,62,18131,61,28780,California
Sutter,2021-04-05,365,45502,143,15913,186,27670,36,1919,175,10673,187,18318,211,28991,California
Sutter,2021-04-06,509,46011,195,16108,258,27928,56,1975,273,10767,235,18553,329,29320,California
Sutter,2021-04-07,1476,47487,869,16977,532,28460,75,2050,613,10598,857,19410,688,30008,California
Sutter,2021-04-08,1025,48512,577,17554,339,28799,109,2159,562,10810,457,19867,669,30677,California
Sutter,2021-04-09,555,49067,245,17799,247,29046,63,2222,233,10786,320,20187,296,30973,California
Sutter,2021-04-10,817,49884,105,17904,87,29133,625,2847,103,10797,712,20899,723,31696,California
Sutter,2021-04-11,108,49992,26,17930,40,29173,42,2889,30,10791,78,20977,72,31768,California
Sutter,2021-04-12,336,50328,90,18020,192,29365,54,2943,136,10781,200,21177,190,31958,California
Sutter,2021-04-13,426,50754,123,18143,303,29668,0,2943,211,10779,213,21390,211,32169,California
Sutter,2021-04-14,1291,52045,159,18302,1131,30799,1,2944,214,9924,1071,22461,216,32385,California
Sutter,2021-04-15,502,52547,171,18473,331,31130,0,2944,187,9798,313,22774,187,32572,California
Sutter,2021-04-16,386,52933,115,18588,271,31401,0,2944,175,9763,210,22984,175,32747,California
Sutter,2021-04-17,572,53505,82,18670,490,31891,0,2944,500,10194,69,23053,500,33247,California
Sutter,2021-04-18,67,53572,8,18678,59,31950,0,2944,42,10212,24,23077,42,33289,California
Sutter,2021-04-19,289,53861,110,18788,179,32129,0,2944,121,10167,166,23243,121,33410,California
Sutter,2021-04-20,390,54251,135,18923,255,32384,0,2944,203,10184,186,23429,203,33613,California
Sutter,2021-04-21,1241,55492,423,19346,818,33202,0,2944,478,9908,754,24183,478,34091,California
Sutter,2021-04-22,465,55957,158,19504,307,33509,0,2944,248,9940,216,24399,248,34339,California
Sutter,2021-04-23,392,56349,110,19614,282,33791,0,2944,185,9919,206,24605,185,34524,California
Sutter,2021-04-24,324,56673,105,19719,219,34010,0,2944,185,9966,138,24743,185,34709,California
Sutter,2021-04-25,158,56831,76,19795,82,34092,0,2944,86,9983,69,24812,86,34795,California
Sutter,2021-04-26,259,57090,60,19855,197,34289,2,2946,117,9962,140,24952,119,34914,California
Sutter,2021-04-27,470,57560,231,20086,235,34524,4,2950,217,9934,250,25202,222,35136,California
Sutter,2021-04-28,781,58341,320,20406,453,34977,8,2958,234,9635,541,25743,242,35378,California
Sutter,2021-04-29,560,58901,42,20448,518,35495,0,2958,213,9503,345,26088,213,35591,California
Sutter,2021-04-30,237,59138,36,20484,191,35686,10,2968,75,9428,160,26248,85,35676,California
Sutter,2021-05-01,177,59315,18,20502,118,35804,41,3009,64,9422,111,26359,105,35781,California
Sutter,2021-05-02,13,59328,6,20508,7,35811,0,3009,9,9427,4,26363,9,35790,California
Tehama,2020-12-15,1,1,1,1,0,0,0,0,1,1,0,0,1,1,California
Tehama,2020-12-16,2,3,2,3,0,0,0,0,2,3,0,0,2,3,California
Tehama,2020-12-17,12,15,12,15,0,0,0,0,12,15,0,0,12,15,California
Tehama,2020-12-18,2,17,2,17,0,0,0,0,3,18,0,0,3,18,California
Tehama,2020-12-21,33,50,33,50,0,0,0,0,33,51,0,0,33,51,California
Tehama,2020-12-22,68,118,62,112,6,6,0,0,68,119,0,0,68,119,California
Tehama,2020-12-23,48,166,40,152,8,14,0,0,48,167,0,0,48,167,California
Tehama,2020-12-24,5,171,3,155,2,16,0,0,5,172,0,0,5,172,California
Tehama,2020-12-26,3,174,2,157,1,17,0,0,3,175,0,0,3,175,California
Tehama,2020-12-27,2,176,2,159,0,17,0,0,2,177,0,0,2,177,California
Tehama,2020-12-28,56,232,43,202,13,30,0,0,56,233,0,0,56,233,California
Tehama,2020-12-29,31,263,31,233,0,30,0,0,31,264,0,0,31,264,California
Tehama,2020-12-30,54,317,38,271,16,46,0,0,53,317,0,0,53,317,California
Tehama,2020-12-31,14,331,4,275,10,56,0,0,14,331,0,0,14,331,California
Tehama,2021-01-01,2,333,0,275,2,58,0,0,2,333,0,0,2,333,California
Tehama,2021-01-04,32,365,9,284,23,81,0,0,32,365,0,0,32,365,California
Tehama,2021-01-05,70,435,43,327,27,108,0,0,67,429,3,3,67,432,California
Tehama,2021-01-06,71,506,21,348,50,158,0,0,62,483,8,11,62,494,California
Tehama,2021-01-07,57,563,7,355,50,208,0,0,56,538,1,12,56,550,California
Tehama,2021-01-08,32,595,24,379,8,216,0,0,27,560,5,17,27,577,California
Tehama,2021-01-09,7,602,5,384,2,218,0,0,5,563,2,19,5,582,California
Tehama,2021-01-10,1,603,0,384,1,219,0,0,1,564,0,19,1,583,California
Tehama,2021-01-11,48,651,46,430,2,221,0,0,15,546,33,52,15,598,California
Tehama,2021-01-12,116,767,96,526,20,241,0,0,71,572,45,97,71,669,California
Tehama,2021-01-13,73,840,55,581,18,259,0,0,27,553,46,143,27,696,California
Tehama,2021-01-14,225,1065,50,631,175,434,0,0,223,774,2,145,223,919,California
Tehama,2021-01-15,247,1312,74,705,173,607,0,0,243,1013,4,149,243,1162,California
Tehama,2021-01-16,272,1584,27,732,245,852,0,0,269,1279,3,152,269,1431,California
Tehama,2021-01-17,13,1597,9,741,4,856,0,0,11,1288,2,154,11,1442,California
Tehama,2021-01-18,10,1607,6,747,4,860,0,0,5,1288,5,159,5,1447,California
Tehama,2021-01-19,288,1895,62,809,226,1086,0,0,233,1466,55,214,233,1680,California
Tehama,2021-01-20,301,2196,87,896,214,1300,0,0,251,1668,49,263,251,1931,California
Tehama,2021-01-21,214,2410,11,907,203,1503,0,0,204,1862,10,273,204,2135,California
Tehama,2021-01-22,219,2629,17,924,202,1705,0,0,216,2075,3,276,216,2351,California
Tehama,2021-01-23,261,2890,10,934,251,1956,0,0,260,2334,1,277,260,2611,California
Tehama,2021-01-25,32,2922,14,948,18,1974,0,0,14,2330,18,295,14,2625,California
Tehama,2021-01-26,323,3245,42,990,281,2255,0,0,286,2579,37,332,286,2911,California
Tehama,2021-01-27,299,3544,21,1011,278,2533,0,0,279,2838,20,352,279,3190,California
Tehama,2021-01-28,340,3884,29,1040,311,2844,0,0,325,3148,15,367,325,3515,California
Tehama,2021-01-29,321,4205,19,1059,302,3146,0,0,304,3435,17,384,304,3819,California
Tehama,2021-01-30,103,4308,2,1061,101,3247,0,0,102,3536,1,385,102,3921,California
Tehama,2021-01-31,1,4309,0,1061,1,3248,0,0,1,3537,0,385,1,3922,California
Tehama,2021-02-01,78,4387,22,1083,56,3304,0,0,36,3531,42,427,36,3958,California
Tehama,2021-02-02,343,4730,63,1146,280,3584,0,0,246,3683,94,521,246,4204,California
Tehama,2021-02-03,381,5111,12,1158,369,3953,0,0,337,3976,44,565,337,4541,California
Tehama,2021-02-04,467,5578,98,1256,369,4322,0,0,388,4286,79,644,389,4930,California
Tehama,2021-02-05,169,5747,73,1329,96,4418,0,0,108,4334,61,705,109,5039,California
Tehama,2021-02-06,28,5775,13,1342,15,4433,0,0,16,4338,12,717,16,5055,California
Tehama,2021-02-07,5,5780,4,1346,1,4434,0,0,2,4337,3,720,2,5057,California
Tehama,2021-02-08,36,5816,14,1360,22,4456,0,0,27,4355,9,729,27,5084,California
Tehama,2021-02-09,78,5894,34,1394,44,4500,0,0,44,4365,34,763,44,5128,California
Tehama,2021-02-10,234,6128,62,1456,172,4672,0,0,158,4447,76,839,158,5286,California
Tehama,2021-02-11,222,6350,16,1472,206,4878,0,0,82,4391,138,977,82,5368,California
Tehama,2021-02-12,361,6711,62,1534,299,5177,0,0,175,4381,186,1163,176,5544,California
Tehama,2021-02-13,386,7097,13,1547,373,5550,0,0,147,4289,239,1402,147,5691,California
Tehama,2021-02-14,33,7130,0,1547,33,5583,0,0,32,4320,1,1403,32,5723,California
Tehama,2021-02-15,51,7181,9,1556,42,5625,0,0,45,4359,6,1409,45,5768,California
Tehama,2021-02-16,242,7423,16,1572,226,5851,0,0,60,4237,182,1591,60,5828,California
Tehama,2021-02-17,280,7703,12,1584,268,6119,0,0,54,4065,226,1817,54,5882,California
Tehama,2021-02-18,368,8071,32,1616,336,6455,0,0,144,3985,224,2041,144,6026,California
Tehama,2021-02-19,213,8284,18,1634,195,6650,0,0,42,3856,171,2212,42,6068,California
Tehama,2021-02-20,271,8555,6,1640,265,6915,0,0,26,3637,245,2457,26,6094,California
Tehama,2021-02-22,37,8592,13,1653,24,6939,0,0,24,3648,13,2470,24,6118,California
Tehama,2021-02-23,46,8638,19,1672,27,6966,0,0,26,3654,20,2490,26,6144,California
Tehama,2021-02-24,298,8936,12,1684,286,7252,0,0,26,3408,272,2762,26,6170,California
Tehama,2021-02-25,376,9312,60,1744,316,7568,0,0,37,3106,339,3101,37,6207,California
Tehama,2021-02-26,455,9767,19,1763,436,8004,0,0,70,2791,385,3486,70,6277,California
Tehama,2021-02-27,294,10061,5,1768,289,8293,0,0,34,2565,260,3746,34,6311,California
Tehama,2021-02-28,23,10084,2,1770,21,8314,0,0,20,2582,3,3749,20,6331,California
Tehama,2021-03-01,65,10149,8,1778,57,8371,0,0,31,2579,34,3783,31,6362,California
Tehama,2021-03-02,126,10275,18,1796,108,8479,0,0,30,2513,96,3879,30,6392,California
Tehama,2021-03-03,139,10414,33,1829,106,8585,0,0,47,2468,92,3971,47,6439,California
Tehama,2021-03-04,611,11025,35,1864,576,9161,0,0,222,2308,382,4353,222,6661,California
Tehama,2021-03-05,390,11415,18,1882,372,9533,0,0,214,2347,175,4528,214,6875,California
Tehama,2021-03-06,299,11714,17,1899,282,9815,0,0,81,2212,217,4745,82,6957,California
Tehama,2021-03-07,5,11719,1,1900,4,9819,0,0,3,2214,1,4746,3,6960,California
Tehama,2021-03-08,58,11777,12,1912,31,9850,15,15,27,2226,30,4776,42,7002,California
Tehama,2021-03-09,362,12139,5,1917,338,10188,19,34,307,2497,55,4831,326,7328,California
Tehama,2021-03-10,351,12490,12,1929,318,10506,21,55,69,2306,281,5112,90,7418,California
Tehama,2021-03-11,483,12973,14,1943,423,10929,46,101,340,2549,143,5255,386,7804,California
Tehama,2021-03-12,304,13277,19,1962,220,11149,65,166,179,2668,125,5380,244,8048,California
Tehama,2021-03-13,45,13322,8,1970,31,11180,6,172,6,2641,39,5419,12,8060,California
Tehama,2021-03-14,51,13373,3,1973,37,11217,11,183,10,2621,41,5460,21,8081,California
Tehama,2021-03-15,151,13524,21,1994,110,11327,20,203,84,2658,67,5527,104,8185,California
Tehama,2021-03-16,410,13934,14,2008,358,11685,38,241,310,2907,99,5626,348,8533,California
Tehama,2021-03-17,422,14356,22,2030,368,12053,32,273,337,3193,83,5709,369,8902,California
Tehama,2021-03-18,484,14840,25,2055,435,12488,24,297,305,3345,177,5886,329,9231,California
Tehama,2021-03-19,313,15153,23,2078,277,12765,13,310,271,3587,42,5928,284,9515,California
Tehama,2021-03-20,40,15193,8,2086,30,12795,2,312,28,3605,12,5940,30,9545,California
Tehama,2021-03-21,12,15205,5,2091,7,12802,0,312,12,3617,0,5940,12,9557,California
Tehama,2021-03-22,90,15295,7,2098,66,12868,17,329,49,3642,41,5981,66,9623,California
Tehama,2021-03-23,85,15380,24,2122,54,12922,7,336,66,3696,19,6000,73,9696,California
Tehama,2021-03-24,86,15466,16,2138,68,12990,2,338,55,3722,31,6031,57,9753,California
Tehama,2021-03-25,514,15980,351,2489,150,13140,13,351,467,4156,46,6077,480,10233,California
Tehama,2021-03-26,481,16461,374,2863,95,13235,12,363,406,4499,75,6152,418,10651,California
Tehama,2021-03-27,440,16901,348,3211,67,13302,25,388,373,4831,66,6218,398,11049,California
Tehama,2021-03-28,34,16935,13,3224,21,13323,0,388,22,4841,12,6230,22,11071,California
Tehama,2021-03-29,123,17058,32,3256,90,13413,1,389,78,4875,44,6274,78,11149,California
Tehama,2021-03-30,363,17421,212,3468,149,13562,2,391,249,5012,114,6388,251,11400,California
Tehama,2021-03-31,379,17800,278,3746,98,13660,3,394,307,5250,71,6459,309,11709,California
Tehama,2021-04-01,523,18323,243,3989,274,13934,6,400,389,5511,134,6593,395,12104,California
Tehama,2021-04-02,444,18767,204,4193,234,14168,6,406,260,5592,184,6777,265,12369,California
Tehama,2021-04-03,61,18828,3,4196,53,14221,5,411,30,5596,31,6808,35,12404,California
Tehama,2021-04-04,34,18862,6,4202,27,14248,1,412,22,5607,12,6820,23,12427,California
Tehama,2021-04-05,114,18976,20,4222,68,14316,26,438,59,5637,55,6875,85,12512,California
Tehama,2021-04-06,483,19459,105,4327,327,14643,51,489,135,5475,348,7223,186,12698,California
Tehama,2021-04-07,418,19877,279,4606,95,14738,44,533,304,5709,113,7336,347,13045,California
Tehama,2021-04-08,597,20474,172,4778,387,15125,38,571,228,5607,368,7704,266,13311,California
Tehama,2021-04-09,420,20894,186,4964,201,15326,33,604,208,5638,210,7914,241,13552,California
Tehama,2021-04-10,72,20966,9,4973,37,15363,26,630,39,5670,33,7947,65,13617,California
Tehama,2021-04-11,33,20999,7,4980,15,15378,11,641,8,5664,25,7972,19,13636,California
Tehama,2021-04-12,113,21112,6,4986,88,15466,19,660,44,5658,69,8041,63,13699,California
Tehama,2021-04-13,297,21409,57,5043,240,15706,0,660,63,5487,234,8275,63,13762,California
Tehama,2021-04-14,465,21874,49,5092,416,16122,0,660,51,5125,413,8688,51,13813,California
Tehama,2021-04-15,495,22369,192,5284,303,16425,0,660,85,4800,410,9098,85,13898,California
Tehama,2021-04-16,584,22953,332,5616,252,16677,0,660,95,4406,489,9587,95,13993,California
Tehama,2021-04-17,345,23298,266,5882,79,16756,0,660,51,4165,293,9880,52,14045,California
Tehama,2021-04-18,16,23314,2,5884,14,16770,0,660,12,4173,4,9884,12,14057,California
Tehama,2021-04-19,93,23407,7,5891,86,16856,0,660,41,4162,52,9936,41,14098,California
Tehama,2021-04-20,500,23907,412,6303,88,16944,0,660,149,3964,349,10285,151,14249,California
Tehama,2021-04-21,510,24417,437,6740,73,17017,0,660,183,3820,327,10612,183,14432,California
Tehama,2021-04-22,508,24925,358,7098,150,17167,0,660,151,3615,356,10968,151,14583,California
Tehama,2021-04-23,432,25357,335,7433,97,17264,0,660,203,3590,229,11197,204,14787,California
Tehama,2021-04-24,104,25461,18,7451,86,17350,0,660,30,3546,74,11271,30,14817,California
Tehama,2021-04-25,29,25490,18,7469,11,17361,0,660,11,3539,18,11289,11,14828,California
Tehama,2021-04-26,72,25562,7,7476,65,17426,0,660,43,3553,29,11318,43,14871,California
Tehama,2021-04-27,249,25811,204,7680,45,17471,0,660,94,3492,155,11473,94,14965,California
Tehama,2021-04-28,323,26134,244,7924,62,17533,17,677,60,3306,263,11736,77,15042,California
Tehama,2021-04-29,282,26416,126,8050,151,17684,5,682,51,3132,230,11966,56,15098,California
Tehama,2021-04-30,279,26695,212,8262,63,17747,4,686,91,3039,188,12154,95,15193,California
Tehama,2021-05-01,61,26756,3,8265,57,17804,1,687,9,2997,52,12206,10,15203,California
Tehama,2021-05-02,31,26787,18,8283,1,17805,12,699,16,3010,15,12221,28,15231,California
Trinity,2020-12-17,4,4,4,4,0,0,0,0,4,4,0,0,4,4,California
Trinity,2020-12-18,2,6,2,6,0,0,0,0,2,6,0,0,2,6,California
Trinity,2020-12-21,39,45,39,45,0,0,0,0,39,45,0,0,39,45,California
Trinity,2020-12-22,5,50,5,50,0,0,0,0,5,50,0,0,5,50,California
Trinity,2020-12-23,5,55,5,55,0,0,0,0,5,55,0,0,5,55,California
Trinity,2020-12-28,30,85,30,85,0,0,0,0,30,85,0,0,30,85,California
Trinity,2020-12-29,8,93,7,92,1,1,0,0,8,93,0,0,8,93,California
Trinity,2020-12-30,10,103,8,100,2,3,0,0,10,103,0,0,10,103,California
Trinity,2020-12-31,2,105,1,101,1,4,0,0,2,105,0,0,2,105,California
Trinity,2021-01-04,27,132,0,101,27,31,0,0,26,131,0,0,26,131,California
Trinity,2021-01-05,2,134,1,102,1,32,0,0,2,133,0,0,2,133,California
Trinity,2021-01-06,24,158,4,106,20,52,0,0,20,149,4,4,20,153,California
Trinity,2021-01-08,49,207,2,108,47,99,0,0,48,195,2,6,48,201,California
Trinity,2021-01-11,42,249,39,147,3,102,0,0,4,161,38,44,4,205,California
Trinity,2021-01-12,9,258,7,154,2,104,0,0,4,160,5,49,4,209,California
Trinity,2021-01-13,7,265,4,158,3,107,0,0,4,161,3,52,4,213,California
Trinity,2021-01-14,4,269,1,159,3,110,0,0,4,165,0,52,4,217,California
Trinity,2021-01-15,4,273,0,159,4,114,0,0,4,169,0,52,4,221,California
Trinity,2021-01-16,4,277,0,159,4,118,0,0,4,173,0,52,4,225,California
Trinity,2021-01-18,31,308,31,190,0,118,0,0,1,144,30,82,1,226,California
Trinity,2021-01-19,96,404,14,204,82,200,0,0,82,212,14,96,82,308,California
Trinity,2021-01-20,19,423,3,207,16,216,0,0,17,227,2,98,17,325,California
Trinity,2021-01-21,17,440,7,214,10,226,0,0,17,244,0,98,17,342,California
Trinity,2021-01-22,5,445,1,215,4,230,0,0,5,249,0,98,5,347,California
Trinity,2021-01-23,7,452,3,218,4,234,0,0,7,256,0,98,7,354,California
Trinity,2021-01-25,14,466,1,219,13,247,0,0,13,268,1,99,13,367,California
Trinity,2021-01-26,10,476,1,220,9,256,0,0,9,276,1,100,9,376,California
Trinity,2021-01-27,12,488,0,220,12,268,0,0,12,288,0,100,12,388,California
Trinity,2021-01-28,13,501,3,223,10,278,0,0,10,295,3,103,10,398,California
Trinity,2021-01-29,3,504,1,224,2,280,0,0,2,296,1,104,2,400,California
Trinity,2021-01-30,12,516,11,235,1,281,0,0,12,308,0,104,12,412,California
Trinity,2021-02-01,2,518,1,236,1,282,0,0,1,308,1,105,1,413,California
Trinity,2021-02-02,13,531,3,239,10,292,0,0,13,321,0,105,13,426,California
Trinity,2021-02-03,6,537,1,240,5,297,0,0,3,321,3,108,3,429,California
Trinity,2021-02-04,42,579,32,272,10,307,0,0,35,349,7,115,35,464,California
Trinity,2021-02-05,350,929,0,272,350,657,0,0,320,639,30,145,320,784,California
Trinity,2021-02-06,210,1139,5,277,205,862,0,0,203,835,7,152,203,987,California
Trinity,2021-02-07,1,1140,0,277,1,863,0,0,1,836,0,152,1,988,California
Trinity,2021-02-08,25,1165,0,277,25,888,0,0,15,841,10,162,15,1003,California
Trinity,2021-02-09,27,1192,2,279,25,913,0,0,11,836,16,178,11,1014,California
Trinity,2021-02-10,122,1314,10,289,112,1025,0,0,102,918,20,198,102,1116,California
Trinity,2021-02-11,339,1653,2,291,337,1362,0,0,332,1243,7,205,332,1448,California
Trinity,2021-02-12,14,1667,6,297,8,1370,0,0,10,1249,4,209,10,1458,California
Trinity,2021-02-13,12,1679,5,302,7,1377,0,0,5,1247,7,216,5,1463,California
Trinity,2021-02-14,2,1681,2,304,0,1377,0,0,2,1249,0,216,2,1465,California
Trinity,2021-02-15,47,1728,0,304,47,1424,0,0,47,1296,0,216,47,1512,California
Trinity,2021-02-16,6,1734,2,306,4,1428,0,0,3,1296,3,219,3,1515,California
Trinity,2021-02-17,94,1828,2,308,92,1520,0,0,84,1370,10,229,84,1599,California
Trinity,2021-02-18,4,1832,0,308,4,1524,0,0,1,1368,3,232,1,1600,California
Trinity,2021-02-19,304,2136,2,310,302,1826,0,0,290,1644,14,246,290,1890,California
Trinity,2021-02-20,141,2277,14,324,127,1953,0,0,113,1729,28,274,113,2003,California
Trinity,2021-02-22,8,2285,0,324,8,1961,0,0,5,1731,3,277,5,2008,California
Trinity,2021-02-23,11,2296,4,328,7,1968,0,0,6,1732,5,282,6,2014,California
Trinity,2021-02-24,30,2326,8,336,22,1990,0,0,7,1716,23,305,7,2021,California
Trinity,2021-02-25,36,2362,23,359,13,2003,0,0,5,1690,31,336,5,2026,California
Trinity,2021-02-26,11,2373,1,360,10,2013,0,0,5,1689,6,342,5,2031,California
Trinity,2021-02-27,9,2382,7,367,2,2015,0,0,4,1688,5,347,4,2035,California
Trinity,2021-03-01,8,2390,0,367,8,2023,0,0,5,1690,3,350,5,2040,California
Trinity,2021-03-02,9,2399,3,370,6,2029,0,0,2,1685,7,357,2,2042,California
Trinity,2021-03-03,5,2404,0,370,5,2034,0,0,4,1688,1,358,4,2046,California
Trinity,2021-03-04,20,2424,15,385,5,2039,0,0,13,1694,7,365,13,2059,California
Trinity,2021-03-05,388,2812,1,386,387,2426,0,0,121,1552,263,628,121,2180,California
Trinity,2021-03-06,202,3014,7,393,195,2621,0,0,27,1404,175,803,27,2207,California
Trinity,2021-03-07,4,3018,3,396,1,2622,0,0,3,1406,1,804,3,2210,California
Trinity,2021-03-08,3,3021,0,396,2,2624,1,1,1,1406,2,806,2,2212,California
Trinity,2021-03-09,94,3115,0,396,92,2716,2,3,89,1492,5,811,91,2303,California
Trinity,2021-03-10,126,3241,3,399,120,2836,3,6,38,1445,88,899,41,2344,California
Trinity,2021-03-11,13,3254,3,402,8,2844,2,8,4,1442,9,908,6,2350,California
Trinity,2021-03-12,385,3639,5,407,374,3218,6,14,90,1243,295,1203,96,2446,California
Trinity,2021-03-13,13,3652,8,415,3,3221,2,16,8,1248,5,1208,10,2456,California
Trinity,2021-03-14,2,3654,0,415,2,3223,0,16,2,1250,0,1208,2,2458,California
Trinity,2021-03-15,67,3721,0,415,66,3289,1,17,14,1212,53,1261,15,2473,California
Trinity,2021-03-16,115,3836,7,422,108,3397,0,17,101,1299,14,1275,101,2574,California
Trinity,2021-03-17,100,3936,3,425,97,3494,0,17,26,1251,74,1349,26,2600,California
Trinity,2021-03-18,10,3946,2,427,5,3499,3,20,5,1254,5,1354,8,2608,California
Trinity,2021-03-19,459,4405,4,431,345,3844,110,130,36,977,423,1777,146,2754,California
Trinity,2021-03-20,104,4509,7,438,97,3941,0,130,69,1011,35,1812,69,2823,California
Trinity,2021-03-21,4,4513,0,438,3,3944,1,131,3,1014,1,1813,4,2827,California
Trinity,2021-03-22,2,4515,0,438,2,3946,0,131,2,1016,0,1813,2,2829,California
Trinity,2021-03-23,95,4610,1,439,94,4040,0,131,78,1077,17,1830,78,2907,California
Trinity,2021-03-24,12,4622,1,440,11,4051,0,131,9,1083,3,1833,9,2916,California
Trinity,2021-03-25,109,4731,7,447,96,4147,6,137,83,1146,26,1859,89,3005,California
Trinity,2021-03-26,85,4816,8,455,77,4224,0,137,78,1217,7,1866,78,3083,California
Trinity,2021-03-27,17,4833,4,459,4,4228,9,146,6,1221,11,1877,15,3098,California
Trinity,2021-03-28,5,4838,3,462,2,4230,0,146,1,1218,4,1881,1,3099,California
Trinity,2021-03-29,5,4843,0,462,5,4235,0,146,2,1217,3,1884,2,3101,California
Trinity,2021-03-30,76,4919,4,466,72,4307,0,146,67,1275,9,1893,67,3168,California
Trinity,2021-03-31,56,4975,5,471,19,4326,32,178,21,1292,35,1928,52,3220,California
Trinity,2021-04-01,41,5016,11,482,19,4345,11,189,21,1304,20,1948,32,3252,California
Trinity,2021-04-02,240,5256,5,487,161,4506,74,263,70,1279,169,2117,144,3396,California
Trinity,2021-04-03,19,5275,14,501,5,4511,0,263,9,1278,10,2127,9,3405,California
Trinity,2021-04-04,10,5285,8,509,2,4513,0,263,8,1284,2,2129,8,3413,California
Trinity,2021-04-05,59,5344,6,515,52,4565,1,264,55,1336,4,2133,56,3469,California
Trinity,2021-04-06,110,5454,13,528,94,4659,3,267,22,1273,88,2221,25,3494,California
Trinity,2021-04-07,21,5475,12,540,4,4663,5,272,13,1283,8,2229,18,3512,California
Trinity,2021-04-08,87,5562,10,550,75,4738,2,274,50,1298,37,2266,52,3564,California
Trinity,2021-04-09,168,5730,20,570,143,4881,5,279,89,1313,79,2345,94,3658,California
Trinity,2021-04-10,11,5741,7,577,4,4885,0,279,10,1322,1,2346,10,3668,California
Trinity,2021-04-11,9,5750,5,582,2,4887,2,281,4,1323,5,2351,6,3674,California
Trinity,2021-04-12,77,5827,5,587,71,4958,1,282,64,1375,12,2363,64,3738,California
Trinity,2021-04-13,96,5923,4,591,92,5050,0,282,10,1299,86,2449,10,3748,California
Trinity,2021-04-14,10,5933,5,596,5,5055,0,282,6,1301,4,2453,6,3754,California
Trinity,2021-04-15,43,5976,10,606,33,5088,0,282,14,1286,29,2482,14,3768,California
Trinity,2021-04-16,143,6119,12,618,131,5219,0,282,71,1285,72,2554,71,3839,California
Trinity,2021-04-17,11,6130,5,623,6,5225,0,282,9,1292,2,2556,9,3848,California
Trinity,2021-04-18,1,6131,1,624,0,5225,0,282,0,1291,1,2557,0,3848,California
Trinity,2021-04-19,5,6136,2,626,3,5228,0,282,4,1294,1,2558,4,3852,California
Trinity,2021-04-20,92,6228,8,634,84,5312,0,282,20,1242,72,2630,20,3872,California
Trinity,2021-04-21,22,6250,9,643,13,5325,0,282,9,1238,13,2643,9,3881,California
Trinity,2021-04-22,91,6341,5,648,86,5411,0,282,14,1175,77,2720,14,3895,California
Trinity,2021-04-23,178,6519,6,654,172,5583,0,282,109,1215,69,2789,109,4004,California
Trinity,2021-04-24,20,6539,14,668,6,5589,0,282,5,1205,15,2804,5,4009,California
Trinity,2021-04-25,10,6549,9,677,1,5590,0,282,3,1202,6,2810,3,4012,California
Trinity,2021-04-26,45,6594,6,683,39,5629,0,282,40,1237,5,2815,40,4052,California
Trinity,2021-04-27,85,6679,7,690,78,5707,0,282,22,1196,63,2878,22,4074,California
Trinity,2021-04-28,27,6706,10,700,17,5724,0,282,8,1185,19,2897,8,4082,California
Trinity,2021-04-29,30,6736,13,713,16,5740,1,283,9,1174,21,2918,10,4092,California
Trinity,2021-04-30,12,6748,7,720,5,5745,0,283,2,1166,10,2928,2,4094,California
Trinity,2021-05-01,7,6755,2,722,0,5745,5,288,2,1168,5,2933,7,4101,California
Trinity,2021-05-02,1,6756,1,723,0,5745,0,288,1,1169,0,2933,1,4102,California
Tulare,2020-12-15,1,1,1,1,0,0,0,0,1,1,0,0,1,1,California
Tulare,2020-12-16,3,4,3,4,0,0,0,0,3,4,0,0,3,4,California
Tulare,2020-12-17,110,114,110,114,0,0,0,0,110,114,0,0,110,114,California
Tulare,2020-12-18,289,403,289,403,0,0,0,0,289,403,0,0,289,403,California
Tulare,2020-12-19,328,731,328,731,0,0,0,0,328,731,0,0,328,731,California
Tulare,2020-12-20,166,897,165,896,1,1,0,0,166,897,0,0,166,897,California
Tulare,2020-12-21,423,1320,423,1319,0,1,0,0,443,1340,0,0,443,1340,California
Tulare,2020-12-22,469,1789,467,1786,2,3,0,0,468,1808,0,0,468,1808,California
Tulare,2020-12-23,328,2117,320,2106,8,11,0,0,326,2134,0,0,326,2134,California
Tulare,2020-12-24,18,2135,16,2122,2,13,0,0,18,2152,0,0,18,2152,California
Tulare,2020-12-26,8,2143,7,2129,1,14,0,0,8,2160,0,0,8,2160,California
Tulare,2020-12-27,16,2159,12,2141,4,18,0,0,16,2176,0,0,16,2176,California
Tulare,2020-12-28,481,2640,469,2610,12,30,0,0,480,2656,0,0,480,2656,California
Tulare,2020-12-29,546,3186,478,3088,68,98,0,0,546,3202,0,0,546,3202,California
Tulare,2020-12-30,474,3660,435,3523,39,137,0,0,474,3676,0,0,474,3676,California
Tulare,2020-12-31,94,3754,22,3545,72,209,0,0,94,3770,0,0,94,3770,California
Tulare,2021-01-01,2,3756,1,3546,1,210,0,0,2,3772,0,0,2,3772,California
Tulare,2021-01-02,29,3785,17,3563,12,222,0,0,29,3801,0,0,29,3801,California
Tulare,2021-01-03,23,3808,9,3572,14,236,0,0,23,3824,0,0,23,3824,California
Tulare,2021-01-04,92,3900,16,3588,76,312,0,0,92,3916,0,0,92,3916,California
Tulare,2021-01-05,460,4360,278,3866,182,494,0,0,458,4372,2,2,458,4374,California
Tulare,2021-01-06,864,5224,635,4501,229,723,0,0,854,5216,10,12,854,5228,California
Tulare,2021-01-07,781,6005,583,5084,198,921,0,0,674,5783,107,119,674,5902,California
Tulare,2021-01-08,1267,7272,575,5659,692,1613,0,0,929,6375,337,456,929,6831,California
Tulare,2021-01-09,742,8014,204,5863,538,2151,0,0,554,6741,188,644,554,7385,California
Tulare,2021-01-10,50,8064,44,5907,6,2157,0,0,11,6713,39,683,11,7396,California
Tulare,2021-01-11,1270,9334,769,6676,501,2658,0,0,834,7111,436,1119,834,8230,California
Tulare,2021-01-12,1404,10738,488,7164,916,3574,0,0,997,7703,406,1525,998,9228,California
Tulare,2021-01-13,457,11195,228,7392,229,3803,0,0,382,8010,75,1600,382,9610,California
Tulare,2021-01-14,491,11686,140,7532,351,4154,0,0,465,8460,15,1615,465,10075,California
Tulare,2021-01-15,1620,13306,152,7684,1468,5622,0,0,1611,10062,9,1624,1611,11686,California
Tulare,2021-01-16,1899,15205,114,7798,1785,7407,0,0,1885,11933,14,1638,1885,13571,California
Tulare,2021-01-17,141,15346,122,7920,19,7426,0,0,131,12054,10,1648,131,13702,California
Tulare,2021-01-18,693,16039,660,8580,33,7459,0,0,295,11951,398,2046,295,13997,California
Tulare,2021-01-19,1006,17045,683,9263,323,7782,0,0,578,12101,428,2474,578,14575,California
Tulare,2021-01-20,2378,19423,564,9827,1814,9596,0,0,1992,13707,386,2860,1992,16567,California
Tulare,2021-01-21,1511,20934,150,9977,1361,10957,0,0,1485,15171,21,2881,1485,18052,California
Tulare,2021-01-22,1054,21988,185,10162,869,11826,0,0,1030,16178,23,2904,1030,19082,California
Tulare,2021-01-23,438,22426,156,10318,282,12108,0,0,417,16574,21,2925,417,19499,California
Tulare,2021-01-24,30,22456,27,10345,3,12111,0,0,28,16600,2,2927,28,19527,California
Tulare,2021-01-25,1325,23781,979,11324,346,12457,0,0,1296,17867,29,2956,1296,20823,California
Tulare,2021-01-26,1498,25279,1099,12423,399,12856,0,0,1173,18716,324,3280,1173,21996,California
Tulare,2021-01-27,1468,26747,1069,13492,399,13255,0,0,891,19031,576,3856,891,22887,California
Tulare,2021-01-28,1203,27950,769,14261,434,13689,0,0,808,19444,395,4251,808,23695,California
Tulare,2021-01-29,1129,29079,719,14980,410,14099,0,0,819,19953,310,4561,819,24514,California
Tulare,2021-01-30,1674,30753,1580,16560,94,14193,0,0,1650,21580,24,4585,1651,26165,California
Tulare,2021-01-31,51,30804,47,16607,4,14197,0,0,48,21625,3,4588,48,26213,California
Tulare,2021-02-01,1185,31989,916,17523,269,14466,0,0,831,22103,353,4941,831,27044,California
Tulare,2021-02-02,676,32665,328,17851,348,14814,0,0,445,22320,229,5170,446,27490,California
Tulare,2021-02-03,613,33278,287,18138,326,15140,0,0,336,22381,275,5445,336,27826,California
Tulare,2021-02-04,551,33829,164,18302,387,15527,0,0,265,22362,285,5730,266,28092,California
Tulare,2021-02-05,1233,35062,236,18538,997,16524,0,0,416,21963,815,6545,416,28508,California
Tulare,2021-02-06,836,35898,158,18696,678,17202,0,0,268,21665,566,7111,268,28776,California
Tulare,2021-02-07,78,35976,66,18762,12,17214,0,0,23,21633,55,7166,23,28799,California
Tulare,2021-02-08,942,36918,328,19090,614,17828,0,0,245,21184,694,7860,245,29044,California
Tulare,2021-02-09,1407,38325,327,19417,1080,18908,0,0,361,20504,1041,8901,361,29405,California
Tulare,2021-02-10,2467,40792,1984,21401,483,19391,0,0,2067,22174,397,9298,2067,31472,California
Tulare,2021-02-11,1322,42114,376,21777,946,20337,0,0,938,22728,384,9682,938,32410,California
Tulare,2021-02-12,2775,44889,575,22352,2200,22537,0,0,1212,22384,1556,11238,1212,33622,California
Tulare,2021-02-13,2480,47369,157,22509,2323,24860,0,0,667,21241,1810,13048,667,34289,California
Tulare,2021-02-14,333,47702,36,22545,297,25157,0,0,300,21508,33,13081,300,34589,California
Tulare,2021-02-15,915,48617,291,22836,624,25781,0,0,658,21910,256,13337,658,35247,California
Tulare,2021-02-16,2832,51449,1596,24432,1236,27017,0,0,1077,21233,1754,15091,1077,36324,California
Tulare,2021-02-17,2698,54147,509,24941,2189,29206,0,0,461,19462,2232,17323,461,36785,California
Tulare,2021-02-18,2301,56448,456,25397,1845,31051,0,0,634,18437,1659,18982,634,37419,California
Tulare,2021-02-19,2296,58744,856,26253,1440,32491,0,0,943,18029,1351,20333,943,38362,California
Tulare,2021-02-20,2989,61733,1891,28144,1098,33589,0,0,1267,17579,1717,22050,1267,39629,California
Tulare,2021-02-21,94,61827,90,28234,4,33593,0,0,59,17603,35,22085,59,39688,California
Tulare,2021-02-22,1106,62933,701,28935,405,33998,0,0,212,16922,893,22978,212,39900,California
Tulare,2021-02-23,1946,64879,939,29874,1007,35005,0,0,1458,17893,487,23465,1458,41358,California
Tulare,2021-02-24,2475,67354,1551,31425,924,35929,0,0,2097,19614,377,23842,2098,43456,California
Tulare,2021-02-25,3486,70840,1951,33376,1535,37464,0,0,3071,22274,411,24253,3071,46527,California
Tulare,2021-02-26,3838,74678,1880,35256,1958,39422,0,0,3375,25188,461,24714,3375,49902,California
Tulare,2021-02-27,2901,77579,1393,36649,1508,40930,0,0,2769,27836,121,24835,2769,52671,California
Tulare,2021-02-28,1304,78883,1033,37682,271,41201,0,0,1285,29104,17,24852,1285,53956,California
Tulare,2021-03-01,1739,80622,773,38455,966,42167,0,0,1554,30475,183,25035,1554,55510,California
Tulare,2021-03-02,2683,83305,1194,39649,1489,43656,0,0,2516,32827,165,25200,2517,58027,California
Tulare,2021-03-03,3916,87221,2596,42245,1320,44976,0,0,1965,32846,1948,27148,1967,59994,California
Tulare,2021-03-04,2879,90100,1300,43545,1579,46555,0,0,2561,35092,315,27463,2561,62555,California
Tulare,2021-03-05,3283,93383,1692,45237,1576,48131,15,15,2776,37382,503,27966,2793,65348,California
Tulare,2021-03-06,3057,96440,1432,46669,1566,49697,59,74,2809,40003,245,28211,2866,68214,California
Tulare,2021-03-07,1093,97533,683,47352,389,50086,21,95,1053,41037,40,28251,1074,69288,California
Tulare,2021-03-08,1687,99220,1000,48352,519,50605,168,263,1372,42265,311,28562,1539,70827,California
Tulare,2021-03-09,3180,102400,2182,50534,851,51456,147,410,2783,44796,397,28959,2928,73755,California
Tulare,2021-03-10,2786,105186,1383,51917,1228,52684,175,585,2406,47003,372,29331,2579,76334,California
Tulare,2021-03-11,4135,109321,1962,53879,1873,54557,300,885,3201,49570,934,30265,3501,79835,California
Tulare,2021-03-12,4335,113656,2378,56257,1609,56166,348,1233,3066,51725,1261,31526,3416,83251,California
Tulare,2021-03-13,4005,117661,1848,58105,2052,58218,105,1338,3068,53967,931,32457,3173,86424,California
Tulare,2021-03-14,1800,119461,973,59078,608,58826,219,1557,1272,54930,527,32984,1490,87914,California
Tulare,2021-03-15,2726,122187,1608,60686,1003,59829,115,1672,1954,56230,770,33754,2070,89984,California
Tulare,2021-03-16,3420,125607,2114,62800,1229,61058,77,1749,1872,56637,1545,35299,1952,91936,California
Tulare,2021-03-17,4011,129618,2607,65407,1327,62385,77,1826,2269,57254,1736,37035,2353,94289,California
Tulare,2021-03-18,4599,134217,3353,68760,1174,63559,72,1898,2442,57618,2152,39187,2516,96805,California
Tulare,2021-03-19,5056,139273,3313,72073,1548,65107,195,2093,2710,58197,2328,41515,2907,99712,California
Tulare,2021-03-20,4448,143721,2758,74831,1318,66425,372,2465,2111,58353,2330,43845,2486,102198,California
Tulare,2021-03-21,1918,145639,1630,76461,262,66687,26,2491,988,58439,927,44772,1013,103211,California
Tulare,2021-03-22,2497,148136,1709,78170,676,67363,112,2603,1666,59394,825,45597,1780,104991,California
Tulare,2021-03-23,3722,151858,2137,80307,1533,68896,52,2655,2080,59900,1632,47229,2138,107129,California
Tulare,2021-03-24,3163,155021,1956,82263,1165,70061,42,2697,1810,60406,1346,48575,1852,108981,California
Tulare,2021-03-25,3439,158460,1783,84046,1484,71545,172,2869,1694,60535,1739,50314,1868,110849,California
Tulare,2021-03-26,5207,163667,3108,87154,1990,73535,109,2978,2571,60597,2618,52932,2680,113529,California
Tulare,2021-03-27,3481,167148,1785,88939,1598,75133,98,3076,965,59149,2509,55441,1061,114590,California
Tulare,2021-03-28,1456,168604,1051,89990,374,75507,31,3107,676,59084,778,56219,713,115303,California
Tulare,2021-03-29,2893,171497,1673,91663,1109,76616,111,3218,1224,58757,1664,57883,1337,116640,California
Tulare,2021-03-30,4770,176267,2761,94424,1779,78395,230,3448,1538,57298,3224,61107,1765,118405,California
Tulare,2021-03-31,3751,180018,2197,96621,1442,79837,112,3560,1513,56695,2230,63337,1627,120032,California
Tulare,2021-04-01,4346,184364,2357,98978,1924,81761,65,3625,1524,55472,2813,66150,1590,121622,California
Tulare,2021-04-02,5216,189580,2979,101957,2120,83881,117,3742,1659,53709,3540,69690,1777,123399,California
Tulare,2021-04-03,3479,193059,2001,103958,1123,85004,355,4097,845,52311,2597,72287,1199,124598,California
Tulare,2021-04-04,1615,194674,1130,105088,478,85482,7,4104,390,51485,1223,73510,397,124995,California
Tulare,2021-04-05,3300,197974,2321,107409,716,86198,263,4367,858,50175,2432,75942,1122,126117,California
Tulare,2021-04-06,3382,201356,1463,108872,1428,87626,491,4858,927,49146,2451,78393,1422,127539,California
Tulare,2021-04-07,3750,205106,1816,110688,1515,89141,419,5277,1239,48291,2504,80897,1649,129188,California
Tulare,2021-04-08,4677,209783,2590,113278,1633,90774,454,5731,1509,47091,3160,84057,1960,131148,California
Tulare,2021-04-09,4753,214536,2939,116217,1395,92169,419,6150,1823,46411,2923,86980,2243,133391,California
Tulare,2021-04-10,3796,218332,2047,118264,1433,93602,316,6466,968,44872,2821,89801,1282,134673,California
Tulare,2021-04-11,1573,219905,1034,119298,467,94069,72,6538,589,44552,981,90782,661,135334,California
Tulare,2021-04-12,3357,223262,2103,121401,660,94729,594,7132,1081,43960,2268,93050,1676,137010,California
Tulare,2021-04-13,2391,225653,1578,122979,803,95532,10,7142,910,43409,1473,94523,922,137932,California
Tulare,2021-04-14,2807,228460,1662,124641,1145,96677,0,7142,907,42418,1898,96421,907,138839,California
Tulare,2021-04-15,3174,231634,2066,126707,1108,97785,0,7142,1415,42083,1750,98171,1415,140254,California
Tulare,2021-04-16,3619,235253,2208,128915,1411,99196,0,7142,1464,41400,2147,100318,1464,141718,California
Tulare,2021-04-17,2167,237420,1270,130185,897,100093,0,7142,1175,41587,989,101307,1176,142894,California
Tulare,2021-04-18,1508,238928,1180,131365,328,100421,0,7142,808,41696,699,102006,808,143702,California
Tulare,2021-04-19,2104,241032,1211,132576,891,101312,2,7144,894,41383,1209,103215,896,144598,California
Tulare,2021-04-20,2301,243333,1286,133862,1015,102327,0,7144,980,41054,1309,104524,980,145578,California
Tulare,2021-04-21,2160,245493,1307,135169,853,103180,0,7144,822,40573,1303,105827,822,146400,California
Tulare,2021-04-22,2091,247584,1168,136337,923,104103,0,7144,736,39973,1336,107163,736,147136,California
Tulare,2021-04-23,2514,250098,1548,137885,965,105068,1,7145,978,39424,1527,108690,978,148114,California
Tulare,2021-04-24,1635,251733,1056,138941,577,105645,2,7147,864,39525,765,109455,866,148980,California
Tulare,2021-04-25,696,252429,522,139463,174,105819,0,7147,267,39363,429,109884,267,149247,California
Tulare,2021-04-26,1426,253855,838,140301,569,106388,19,7166,595,39150,825,110709,612,149859,California
Tulare,2021-04-27,1415,255270,596,140897,782,107170,37,7203,644,39062,768,111477,680,150539,California
Tulare,2021-04-28,1478,256748,822,141719,622,107792,34,7237,599,38818,876,112353,632,151171,California
Tulare,2021-04-29,1560,258308,917,142636,608,108400,35,7272,596,38488,959,113312,629,151800,California
Tulare,2021-04-30,1797,260105,1349,143985,421,108821,27,7299,610,37942,1183,114495,637,152437,California
Tulare,2021-05-01,1031,261136,925,144910,99,108920,7,7306,498,37921,526,115021,505,152942,California
Tulare,2021-05-02,453,261589,413,145323,32,108952,8,7314,135,37748,316,115337,143,153085,California
Tuolumne,2020-12-16,47,47,47,47,0,0,0,0,47,47,0,0,47,47,California
Tuolumne,2020-12-17,17,64,17,64,0,0,0,0,17,64,0,0,17,64,California
Tuolumne,2020-12-18,101,165,100,164,1,1,0,0,101,165,0,0,101,165,California
Tuolumne,2020-12-19,5,170,5,169,0,1,0,0,5,170,0,0,5,170,California
Tuolumne,2020-12-20,1,171,1,170,0,1,0,0,1,171,0,0,1,171,California
Tuolumne,2020-12-21,116,287,102,272,14,15,0,0,116,287,0,0,116,287,California
Tuolumne,2020-12-22,172,459,172,444,0,15,0,0,172,459,0,0,172,459,California
Tuolumne,2020-12-23,186,645,184,628,2,17,0,0,186,645,0,0,186,645,California
Tuolumne,2020-12-26,3,648,3,631,0,17,0,0,3,648,0,0,3,648,California
Tuolumne,2020-12-28,77,725,75,706,2,19,0,0,77,725,0,0,77,725,California
Tuolumne,2020-12-29,102,827,39,745,63,82,0,0,102,827,0,0,102,827,California
Tuolumne,2020-12-30,78,905,22,767,56,138,0,0,78,905,0,0,78,905,California
Tuolumne,2020-12-31,27,932,20,787,7,145,0,0,27,932,0,0,27,932,California
Tuolumne,2021-01-01,6,938,5,792,1,146,0,0,6,938,0,0,6,938,California
Tuolumne,2021-01-02,118,1056,115,907,3,149,0,0,118,1056,0,0,118,1056,California
Tuolumne,2021-01-03,2,1058,2,909,0,149,0,0,2,1058,0,0,2,1058,California
Tuolumne,2021-01-04,69,1127,26,935,43,192,0,0,69,1127,0,0,69,1127,California
Tuolumne,2021-01-05,92,1219,26,961,66,258,0,0,89,1214,3,3,90,1217,California
Tuolumne,2021-01-06,131,1350,71,1032,60,318,0,0,68,1219,63,66,68,1285,California
Tuolumne,2021-01-07,119,1469,62,1094,57,375,0,0,64,1228,55,121,64,1349,California
Tuolumne,2021-01-08,103,1572,79,1173,24,399,0,0,26,1179,76,197,27,1376,California
Tuolumne,2021-01-09,1,1573,0,1173,1,400,0,0,1,1180,0,197,1,1377,California
Tuolumne,2021-01-10,3,1576,1,1174,2,402,0,0,3,1183,0,197,3,1380,California
Tuolumne,2021-01-11,114,1690,88,1262,26,428,0,0,33,1135,81,278,33,1413,California
Tuolumne,2021-01-12,102,1792,86,1348,16,444,0,0,17,1067,85,363,17,1430,California
Tuolumne,2021-01-13,231,2023,125,1473,106,550,0,0,182,1201,49,412,183,1613,California
Tuolumne,2021-01-14,147,2170,107,1580,40,590,0,0,42,1139,104,516,42,1655,California
Tuolumne,2021-01-15,474,2644,72,1652,402,992,0,0,412,1491,61,577,413,2068,California
Tuolumne,2021-01-16,7,2651,3,1655,4,996,0,0,6,1496,1,578,6,2074,California
Tuolumne,2021-01-17,7,2658,4,1659,3,999,0,0,6,1502,0,578,6,2080,California
Tuolumne,2021-01-18,46,2704,38,1697,8,1007,0,0,9,1475,36,614,9,2089,California
Tuolumne,2021-01-19,473,3177,72,1769,401,1408,0,0,428,1858,45,659,428,2517,California
Tuolumne,2021-01-20,76,3253,58,1827,18,1426,0,0,24,1831,51,710,24,2541,California
Tuolumne,2021-01-21,55,3308,22,1849,33,1459,0,0,40,1856,15,725,40,2581,California
Tuolumne,2021-01-22,168,3476,16,1865,152,1611,0,0,161,2010,7,732,161,2742,California
Tuolumne,2021-01-23,665,4141,147,2012,518,2129,0,0,552,2459,113,845,562,3304,California
Tuolumne,2021-01-24,523,4664,1,2013,522,2651,0,0,519,2976,3,848,520,3824,California
Tuolumne,2021-01-25,49,4713,28,2041,21,2672,0,0,22,2972,27,875,23,3847,California
Tuolumne,2021-01-26,80,4793,68,2109,12,2684,0,0,40,2973,40,915,41,3888,California
Tuolumne,2021-01-27,60,4853,4,2113,56,2740,0,0,7,2928,52,967,7,3895,California
Tuolumne,2021-01-28,27,4880,7,2120,20,2760,0,0,18,2937,9,976,18,3913,California
Tuolumne,2021-01-29,74,4954,6,2126,68,2828,0,0,35,2933,39,1015,35,3948,California
Tuolumne,2021-01-30,709,5663,552,2678,157,2985,0,0,687,3614,22,1037,703,4651,California
Tuolumne,2021-01-31,8,5671,2,2680,6,2991,0,0,5,3616,3,1040,5,4656,California
Tuolumne,2021-02-01,25,5696,6,2686,19,3010,0,0,22,3635,3,1043,22,4678,California
Tuolumne,2021-02-02,645,6341,36,2722,609,3619,0,0,634,4260,9,1052,634,5312,California
Tuolumne,2021-02-03,238,6579,109,2831,129,3748,0,0,86,4194,152,1204,86,5398,California
Tuolumne,2021-02-04,123,6702,12,2843,111,3859,0,0,60,4191,63,1267,60,5458,California
Tuolumne,2021-02-05,98,6800,12,2855,86,3945,0,0,35,4164,62,1329,35,5493,California
Tuolumne,2021-02-06,852,7652,580,3435,272,4217,0,0,849,5010,3,1332,849,6342,California
Tuolumne,2021-02-07,7,7659,4,3439,3,4220,0,0,3,5009,4,1336,3,6345,California
Tuolumne,2021-02-08,91,7750,40,3479,51,4271,0,0,67,5052,24,1360,67,6412,California
Tuolumne,2021-02-09,864,8614,53,3532,811,5082,0,0,825,5838,39,1399,825,7237,California
Tuolumne,2021-02-10,88,8702,14,3546,74,5156,0,0,27,5805,60,1459,27,7264,California
Tuolumne,2021-02-11,141,8843,66,3612,75,5231,0,0,75,5814,66,1525,75,7339,California
Tuolumne,2021-02-12,643,9486,19,3631,624,5855,0,0,204,5580,438,1963,204,7543,California
Tuolumne,2021-02-13,148,9634,42,3673,106,5961,0,0,117,5672,25,1988,117,7660,California
Tuolumne,2021-02-14,148,9782,12,3685,136,6097,0,0,147,5818,1,1989,147,7807,California
Tuolumne,2021-02-15,185,9967,10,3695,175,6272,0,0,176,5985,9,1998,176,7983,California
Tuolumne,2021-02-16,526,10493,17,3712,509,6781,0,0,123,5709,401,2399,125,8108,California
Tuolumne,2021-02-17,110,10603,63,3775,47,6828,0,0,63,5726,46,2445,63,8171,California
Tuolumne,2021-02-18,676,11279,26,3801,650,7478,0,0,626,6303,50,2495,627,8798,California
Tuolumne,2021-02-19,142,11421,23,3824,119,7597,0,0,43,6247,99,2594,43,8841,California
Tuolumne,2021-02-20,904,12325,341,4165,563,8160,0,0,386,6128,506,3100,387,9228,California
Tuolumne,2021-02-21,975,13300,36,4201,939,9099,0,0,471,6098,501,3601,471,9699,California
Tuolumne,2021-02-22,78,13378,57,4258,21,9120,0,0,47,6115,30,3631,47,9746,California
Tuolumne,2021-02-23,47,13425,23,4281,24,9144,0,0,25,6119,21,3652,25,9771,California
Tuolumne,2021-02-24,103,13528,58,4339,45,9189,0,0,43,6103,59,3711,43,9814,California
Tuolumne,2021-02-25,1054,14582,35,4374,1019,10208,0,0,1024,7097,30,3741,1024,10838,California
Tuolumne,2021-02-26,144,14726,10,4384,134,10342,0,0,121,7195,23,3764,121,10959,California
Tuolumne,2021-02-27,947,15673,576,4960,371,10713,0,0,246,6757,685,4449,247,11206,California
Tuolumne,2021-02-28,55,15728,4,4964,51,10764,0,0,52,6807,2,4451,52,11258,California
Tuolumne,2021-03-01,112,15840,21,4985,91,10855,0,0,77,6852,33,4484,78,11336,California
Tuolumne,2021-03-02,704,16544,72,5057,632,11487,0,0,105,6359,598,5082,105,11441,California
Tuolumne,2021-03-03,89,16633,21,5078,68,11555,0,0,65,6400,24,5106,65,11506,California
Tuolumne,2021-03-04,1168,17801,72,5150,1096,12651,0,0,1106,7444,62,5168,1106,12612,California
Tuolumne,2021-03-05,84,17885,10,5160,74,12725,0,0,47,7456,36,5204,48,12660,California
Tuolumne,2021-03-06,1050,18935,603,5763,445,13170,2,2,203,6815,846,6050,205,12865,California
Tuolumne,2021-03-07,41,18976,12,5775,14,13184,15,17,18,6825,23,6073,33,12898,California
Tuolumne,2021-03-08,195,19171,88,5863,100,13284,7,24,139,6915,56,6129,146,13044,California
Tuolumne,2021-03-09,855,20026,16,5879,828,14112,11,35,67,6209,785,6914,79,13123,California
Tuolumne,2021-03-10,77,20103,12,5891,54,14166,11,46,53,6249,24,6938,64,13187,California
Tuolumne,2021-03-11,1280,21383,36,5927,1238,15404,6,52,1255,7487,25,6963,1263,14450,California
Tuolumne,2021-03-12,298,21681,33,5960,250,15654,15,67,192,7592,105,7068,210,14660,California
Tuolumne,2021-03-13,111,21792,11,5971,100,15754,0,67,87,7657,23,7091,88,14748,California
Tuolumne,2021-03-14,142,21934,8,5979,125,15879,9,76,8,7545,134,7225,22,14770,California
Tuolumne,2021-03-15,293,22227,79,6058,212,16091,2,78,100,7462,192,7417,109,14879,California
Tuolumne,2021-03-16,803,23030,37,6095,755,16846,11,89,666,8002,137,7554,677,15556,California
Tuolumne,2021-03-17,150,23180,30,6125,107,16953,13,102,77,8020,71,7625,89,15645,California
Tuolumne,2021-03-18,947,24127,28,6153,906,17859,13,115,318,7724,628,8253,332,15977,California
Tuolumne,2021-03-19,130,24257,16,6169,83,17942,31,146,69,7764,59,8312,99,16076,California
Tuolumne,2021-03-20,89,24346,6,6175,73,18015,10,156,37,7759,51,8363,46,16122,California
Tuolumne,2021-03-21,833,25179,390,6565,434,18449,9,165,40,7017,791,9154,49,16171,California
Tuolumne,2021-03-22,163,25342,72,6637,72,18521,19,184,97,7067,66,9220,116,16287,California
Tuolumne,2021-03-23,709,26051,639,7276,56,18577,14,198,673,7717,36,9256,686,16973,California
Tuolumne,2021-03-24,107,26158,19,7295,70,18647,18,216,75,7779,31,9287,93,17066,California
Tuolumne,2021-03-25,1294,27452,23,7318,1268,19915,3,219,323,7135,970,10257,326,17392,California
Tuolumne,2021-03-26,268,27720,16,7334,229,20144,23,242,111,7122,147,10404,134,17526,California
Tuolumne,2021-03-27,575,28295,54,7388,521,20665,0,242,315,7179,259,10663,316,17842,California
Tuolumne,2021-03-28,49,28344,8,7396,41,20706,0,242,9,7150,39,10702,10,17852,California
Tuolumne,2021-03-29,200,28544,80,7476,120,20826,0,242,103,7159,94,10796,103,17955,California
Tuolumne,2021-03-30,159,28703,11,7487,147,20973,1,243,117,7236,41,10837,118,18073,California
Tuolumne,2021-03-31,91,28794,14,7501,75,21048,2,245,34,7218,56,10893,38,18111,California
Tuolumne,2021-04-01,1244,30038,29,7530,1215,22263,0,245,222,6421,1020,11913,223,18334,California
Tuolumne,2021-04-02,160,30198,10,7540,124,22387,26,271,88,6464,71,11984,114,18448,California
Tuolumne,2021-04-03,417,30615,34,7574,382,22769,1,272,233,6516,184,12168,236,18684,California
Tuolumne,2021-04-04,32,30647,2,7576,30,22799,0,272,20,6525,11,12179,20,18704,California
Tuolumne,2021-04-05,126,30773,19,7595,101,22900,6,278,55,6515,71,12250,61,18765,California
Tuolumne,2021-04-06,637,31410,509,8104,101,23001,27,305,506,6918,131,12381,534,19299,California
Tuolumne,2021-04-07,124,31534,36,8140,72,23073,16,321,46,6902,78,12459,62,19361,California
Tuolumne,2021-04-08,1431,32965,32,8172,1385,24458,14,335,239,5965,1190,13649,253,19614,California
Tuolumne,2021-04-09,267,33232,41,8213,182,24640,44,379,126,5998,139,13788,172,19786,California
Tuolumne,2021-04-10,56,33288,2,8215,34,24674,20,399,23,6009,32,13820,43,19829,California
Tuolumne,2021-04-11,17,33305,2,8217,12,24686,3,402,12,6019,5,13825,15,19844,California
Tuolumne,2021-04-12,161,33466,67,8284,89,24775,5,407,87,6043,68,13893,92,19936,California
Tuolumne,2021-04-13,784,34250,36,8320,748,25523,0,407,169,5604,608,14501,169,20105,California
Tuolumne,2021-04-14,137,34387,26,8346,111,25634,0,407,66,5603,68,14569,67,20172,California
Tuolumne,2021-04-15,331,34718,19,8365,312,25946,0,407,55,5387,271,14840,55,20227,California
Tuolumne,2021-04-16,237,34955,50,8415,187,26133,0,407,133,5422,98,14938,133,20360,California
Tuolumne,2021-04-17,43,34998,6,8421,37,26170,0,407,27,5433,16,14954,27,20387,California
Tuolumne,2021-04-18,7,35005,2,8423,5,26175,0,407,3,5432,4,14958,3,20390,California
Tuolumne,2021-04-19,166,35171,76,8499,90,26265,0,407,91,5451,72,15030,91,20481,California
Tuolumne,2021-04-20,711,35882,617,9116,94,26359,0,407,77,4900,628,15658,77,20558,California
Tuolumne,2021-04-21,112,35994,26,9142,86,26445,0,407,60,4913,47,15705,60,20618,California
Tuolumne,2021-04-22,693,36687,46,9188,647,27092,0,407,422,5074,261,15966,422,21040,California
Tuolumne,2021-04-23,159,36846,31,9219,128,27220,0,407,85,5087,72,16038,85,21125,California
Tuolumne,2021-04-24,76,36922,17,9236,59,27279,0,407,49,5109,27,16065,49,21174,California
Tuolumne,2021-04-25,25,36947,8,9244,17,27296,0,407,22,5128,3,16068,22,21196,California
Tuolumne,2021-04-26,148,37095,55,9299,93,27389,0,407,68,5118,79,16147,69,21265,California
Tuolumne,2021-04-27,124,37219,20,9319,97,27486,7,414,58,5119,64,16211,65,21330,California
Tuolumne,2021-04-28,92,37311,18,9337,64,27550,10,424,47,5132,44,16255,57,21387,California
Tuolumne,2021-04-29,229,37540,12,9349,208,27758,9,433,37,4986,192,16447,46,21433,California
Tuolumne,2021-04-30,303,37843,15,9364,277,28035,11,444,52,4800,249,16696,63,21496,California
Tuolumne,2021-05-01,5,37848,3,9367,2,28037,0,444,4,4803,1,16697,4,21500,California
Tuolumne,2021-05-02,8,37856,0,9367,8,28045,0,444,7,4809,1,16698,7,21507,California
Ventura,2020-12-15,5,5,5,5,0,0,0,0,5,5,0,0,5,5,California
Ventura,2020-12-16,72,77,72,77,0,0,0,0,72,77,0,0,72,77,California
Ventura,2020-12-17,249,326,249,326,0,0,0,0,249,326,0,0,249,326,California
Ventura,2020-12-18,1411,1737,1411,1737,0,0,0,0,1411,1737,0,0,1411,1737,California
Ventura,2020-12-19,910,2647,910,2647,0,0,0,0,910,2647,0,0,910,2647,California
Ventura,2020-12-20,429,3076,429,3076,0,0,0,0,429,3076,0,0,429,3076,California
Ventura,2020-12-21,1469,4545,1469,4545,0,0,0,0,1469,4545,0,0,1469,4545,California
Ventura,2020-12-22,1104,5649,1099,5644,5,5,0,0,1104,5649,0,0,1104,5649,California
Ventura,2020-12-23,1027,6676,980,6624,47,52,0,0,1027,6676,0,0,1027,6676,California
Ventura,2020-12-24,477,7153,379,7003,98,150,0,0,477,7153,0,0,477,7153,California
Ventura,2020-12-25,11,7164,7,7010,4,154,0,0,11,7164,0,0,11,7164,California
Ventura,2020-12-26,112,7276,91,7101,21,175,0,0,112,7276,0,0,112,7276,California
Ventura,2020-12-27,58,7334,27,7128,31,206,0,0,58,7334,0,0,58,7334,California
Ventura,2020-12-28,1071,8405,931,8059,140,346,0,0,1071,8405,0,0,1071,8405,California
Ventura,2020-12-29,1170,9575,764,8823,406,752,0,0,1170,9575,0,0,1170,9575,California
Ventura,2020-12-30,1983,11558,1518,10341,465,1217,0,0,1983,11558,0,0,1983,11558,California
Ventura,2020-12-31,480,12038,162,10503,318,1535,0,0,480,12038,0,0,480,12038,California
Ventura,2021-01-01,24,12062,6,10509,18,1553,0,0,24,12062,0,0,24,12062,California
Ventura,2021-01-02,173,12235,79,10588,94,1647,0,0,173,12235,0,0,173,12235,California
Ventura,2021-01-03,15,12250,8,10596,7,1654,0,0,15,12250,0,0,15,12250,California
Ventura,2021-01-04,1082,13332,551,11147,531,2185,0,0,1081,13331,0,0,1081,13331,California
Ventura,2021-01-05,1373,14705,777,11924,596,2781,0,0,1332,14622,41,41,1332,14663,California
Ventura,2021-01-06,2057,16762,1179,13103,878,3659,0,0,1626,15828,422,463,1628,16291,California
Ventura,2021-01-07,2068,18830,1326,14429,742,4401,0,0,1182,16126,884,1347,1182,17473,California
Ventura,2021-01-08,2198,21028,1475,15904,723,5124,0,0,906,15743,1290,2637,907,18380,California
Ventura,2021-01-09,721,21749,500,16404,221,5345,0,0,319,15660,402,3039,319,18699,California
Ventura,2021-01-10,340,22089,326,16730,14,5359,0,0,126,15572,214,3253,126,18825,California
Ventura,2021-01-11,2447,24536,1489,18219,958,6317,0,0,1494,16116,953,4206,1497,20322,California
Ventura,2021-01-12,3041,27577,1611,19830,1430,7747,0,0,2016,17107,1025,5231,2016,22338,California
Ventura,2021-01-13,2922,30499,1423,21253,1499,9246,0,0,2039,18267,880,6111,2040,24378,California
Ventura,2021-01-14,2730,33229,1060,22313,1670,10916,0,0,2284,20107,445,6556,2285,26663,California
Ventura,2021-01-15,2886,36115,971,23284,1915,12831,0,0,2673,22568,213,6769,2674,29337,California
Ventura,2021-01-16,484,36599,187,23471,297,13128,0,0,404,22892,80,6849,404,29741,California
Ventura,2021-01-17,259,36858,137,23608,122,13250,0,0,253,23139,6,6855,253,29994,California
Ventura,2021-01-18,2218,39076,1672,25280,546,13796,0,0,1667,24257,550,7405,1668,31662,California
Ventura,2021-01-19,3040,42116,2119,27399,921,14717,0,0,2146,25512,894,8299,2149,33811,California
Ventura,2021-01-20,4068,46184,3117,30516,951,15668,0,0,3031,27510,1034,9333,3032,36843,California
Ventura,2021-01-21,3835,50019,2671,33187,1164,16832,0,0,3163,30006,669,10002,3165,40008,California
Ventura,2021-01-22,3614,53633,2493,35680,1121,17953,0,0,3453,33298,161,10163,3453,43461,California
Ventura,2021-01-23,1184,54817,649,36329,535,18488,0,0,1083,34283,100,10263,1085,44546,California
Ventura,2021-01-24,451,55268,137,36466,314,18802,0,0,438,34708,13,10276,438,44984,California
Ventura,2021-01-25,3152,58420,2031,38497,1121,19923,0,0,2598,36754,553,10829,2599,47583,California
Ventura,2021-01-26,3708,62128,2202,40699,1506,21429,0,0,2710,38468,997,11826,2711,50294,California
Ventura,2021-01-27,3459,65587,1558,42257,1901,23330,0,0,2717,40447,738,12564,2717,53011,California
Ventura,2021-01-28,3874,69461,1993,44250,1881,25211,0,0,3260,43111,597,13161,3261,56272,California
Ventura,2021-01-29,4271,73732,2524,46774,1747,26958,0,0,3768,46389,490,13651,3768,60040,California
Ventura,2021-01-30,3035,76767,1964,48738,1071,28029,0,0,2865,49089,166,13817,2866,62906,California
Ventura,2021-01-31,833,77600,445,49183,388,28417,0,0,748,49752,85,13902,748,63654,California
Ventura,2021-02-01,3940,81540,2110,51293,1830,30247,0,0,3167,52150,770,14672,3168,66822,California
Ventura,2021-02-02,4405,85945,2374,53667,2031,32278,0,0,3381,54512,1020,15692,3382,70204,California
Ventura,2021-02-03,4452,90397,2089,55756,2363,34641,0,0,3441,56948,1006,16698,3442,73646,California
Ventura,2021-02-04,4774,95171,2288,58044,2486,37127,0,0,3519,59222,1247,17945,3521,77167,California
Ventura,2021-02-05,4833,100004,2313,60357,2520,39647,0,0,3341,61086,1479,19424,3343,80510,California
Ventura,2021-02-06,2835,102839,1514,61871,1321,40968,0,0,2433,63118,401,19825,2433,82943,California
Ventura,2021-02-07,710,103549,241,62112,469,41437,0,0,584,63577,126,19951,585,83528,California
Ventura,2021-02-08,3499,107048,1624,63736,1875,43312,0,0,2428,64939,1066,21017,2428,85956,California
Ventura,2021-02-09,4714,111762,1971,65707,2743,46055,0,0,2466,65161,2247,23264,2469,88425,California
Ventura,2021-02-10,4712,116474,2236,67943,2476,48531,0,0,2398,65257,2303,25567,2399,90824,California
Ventura,2021-02-11,4658,121132,1862,69805,2796,51327,0,0,2445,65499,2206,27773,2448,93272,California
Ventura,2021-02-12,6301,127433,2659,72464,3642,54969,0,0,3221,65644,3076,30849,3221,96493,California
Ventura,2021-02-13,3295,130728,1826,74290,1469,56438,0,0,1844,66043,1447,32296,1846,98339,California
Ventura,2021-02-14,1226,131954,124,74414,1102,57540,0,0,1010,66838,216,32512,1011,99350,California
Ventura,2021-02-15,3987,135941,1798,76212,2189,59729,0,0,2118,67090,1866,34378,2118,101468,California
Ventura,2021-02-16,5538,141479,2704,78916,2834,62563,0,0,3009,67578,2521,36899,3009,104477,California
Ventura,2021-02-17,5232,146711,1920,80836,3312,65875,0,0,3265,68885,1958,38857,3265,107742,California
Ventura,2021-02-18,5775,152486,1828,82664,3947,69822,0,0,3634,70389,2130,40987,3634,111376,California
Ventura,2021-02-19,6454,158940,3769,86433,2685,72507,0,0,3010,69964,3437,44424,3012,114388,California
Ventura,2021-02-20,4932,163872,3164,89597,1768,74275,0,0,2771,70581,2157,46581,2774,117162,California
Ventura,2021-02-21,1044,164916,756,90353,288,74563,0,0,428,70399,610,47191,428,117590,California
Ventura,2021-02-22,5365,170281,2407,92760,2958,77521,0,0,3451,71945,1905,49096,3451,121041,California
Ventura,2021-02-23,5926,176207,2965,95725,2961,80482,0,0,3414,72865,2496,51592,3416,124457,California
Ventura,2021-02-24,6995,183202,2609,98334,4386,84868,0,0,4248,74382,2733,54325,4250,128707,California
Ventura,2021-02-25,7490,190692,2571,100905,4919,89787,0,0,4575,76059,2900,57225,4577,133284,California
Ventura,2021-02-26,9336,200028,2761,103666,6575,96362,0,0,6157,79065,3153,60378,6159,139443,California
Ventura,2021-02-27,9985,210013,5267,108933,4718,101080,0,0,7367,83837,2603,62981,7375,146818,California
Ventura,2021-02-28,2568,212581,1634,110567,933,102013,1,1,2098,85471,464,63445,2098,148916,California
Ventura,2021-03-01,6937,219518,2810,113377,4127,106140,0,1,4623,87802,2305,65750,4636,153552,California
Ventura,2021-03-02,7481,226999,3935,117312,3544,109684,2,3,5254,90838,2218,67968,5254,158806,California
Ventura,2021-03-03,8514,235513,3898,121210,4616,114300,0,3,6072,94485,2429,70397,6076,164882,California
Ventura,2021-03-04,8094,243607,3868,125078,4226,118526,0,3,5468,97343,2612,73009,5470,170352,California
Ventura,2021-03-05,9964,253571,4796,129874,5158,123684,10,13,7078,101566,2873,75882,7096,177448,California
Ventura,2021-03-06,7239,260810,4398,134272,2688,126372,153,166,5326,105140,1907,77789,5481,182929,California
Ventura,2021-03-07,1649,262459,602,134874,946,127318,101,267,1233,106058,416,78205,1334,184263,California
Ventura,2021-03-08,6737,269196,3414,138288,3169,130487,154,421,4632,108748,2099,80304,4789,189052,California
Ventura,2021-03-09,6527,275723,2811,141099,3519,134006,197,618,3661,109755,2853,83157,3860,192912,California
Ventura,2021-03-10,6796,282519,2965,144064,3594,137600,237,855,4481,112167,2306,85463,4718,197630,California
Ventura,2021-03-11,6270,288789,2884,146948,3168,140768,218,1073,3416,112958,2842,88305,3633,201263,California
Ventura,2021-03-12,8495,297284,3033,149981,4618,145386,844,1917,4089,113502,4389,92694,4933,206196,California
Ventura,2021-03-13,6679,303963,2497,152478,3342,148728,840,2757,3754,115178,2917,95611,4593,210789,California
Ventura,2021-03-14,2129,306092,477,152955,1157,149885,495,3252,730,115005,1398,97009,1225,212014,California
Ventura,2021-03-15,6914,313006,2049,155004,3517,153402,1348,4600,2972,115407,3917,100926,4319,216333,California
Ventura,2021-03-16,7908,320914,2459,157463,4335,157737,1114,5714,3984,116594,3910,104836,5097,221430,California
Ventura,2021-03-17,7456,328370,2761,160224,4348,162085,347,6061,4460,118428,2975,107811,4809,226239,California
Ventura,2021-03-18,7220,335590,3267,163491,3800,165885,153,6214,4702,120776,2505,110316,4853,231092,California
Ventura,2021-03-19,8390,343980,3768,167259,4512,170397,110,6324,5017,122546,3355,113671,5125,236217,California
Ventura,2021-03-20,8140,352120,5244,172503,2876,173273,20,6344,3893,122233,4227,117898,3914,240131,California
Ventura,2021-03-21,2779,354899,1509,174012,899,174172,371,6715,1316,122467,1452,119350,1686,241817,California
Ventura,2021-03-22,7334,362233,3685,177697,3547,177719,102,6817,4843,124937,2477,121827,4947,246764,California
Ventura,2021-03-23,8177,370410,3876,181573,4229,181948,72,6889,4666,126188,3486,125313,4737,251501,California
Ventura,2021-03-24,8865,379275,3408,184981,5382,187330,75,6964,4425,126277,4411,129724,4500,256001,California
Ventura,2021-03-25,8793,388068,3901,188882,4791,192121,101,7065,4451,126504,4325,134049,4552,260553,California
Ventura,2021-03-26,9813,397881,3343,192225,5817,197938,653,7718,3898,125167,5887,139936,4550,265103,California
Ventura,2021-03-27,8111,405992,3903,196128,4168,202106,40,7758,2402,121919,5691,145627,2443,267546,California
Ventura,2021-03-28,2519,408511,1402,197530,1108,203214,9,7767,1380,122174,1134,146761,1389,268935,California
Ventura,2021-03-29,8451,416962,4260,201790,4147,207361,44,7811,4222,122239,4201,150962,4266,273201,California
Ventura,2021-03-30,8928,425890,4402,206192,4398,211759,128,7939,4538,122526,4377,155339,4664,277865,California
Ventura,2021-03-31,10674,436564,4811,211003,5237,216996,626,8565,4639,121775,6015,161354,5264,283129,California
Ventura,2021-04-01,10629,447193,5182,216185,4575,221571,872,9437,5357,122746,5254,166608,6225,289354,California
Ventura,2021-04-02,11549,458742,4583,220768,5709,227280,1257,10694,5528,123537,5997,172605,6788,296142,California
Ventura,2021-04-03,8011,466753,3954,224722,2926,230206,1131,11825,3369,123404,4631,177236,4498,300640,California
Ventura,2021-04-04,1704,468457,957,225679,619,230825,128,11953,1153,124138,547,177783,1281,301921,California
Ventura,2021-04-05,9247,477704,4871,230550,3320,234145,1056,13009,4718,125391,4520,182303,5773,307694,California
Ventura,2021-04-06,10791,488495,5536,236086,3793,237938,1462,14471,5540,127162,5228,187531,6999,314693,California
Ventura,2021-04-07,11268,499763,5420,241506,4378,242316,1470,15941,5153,127682,6099,193630,6619,321312,California
Ventura,2021-04-08,10202,509965,5290,246796,3984,246300,928,16869,5098,128613,5087,198717,6018,327330,California
Ventura,2021-04-09,11052,521017,4333,251129,5027,251327,1692,18561,4853,128974,6179,204896,6540,333870,California
Ventura,2021-04-10,9114,530131,3490,254619,3477,254804,2147,20708,2992,128003,6106,211002,5135,339005,California
Ventura,2021-04-11,2421,532552,864,255483,993,255797,564,21272,688,127527,1726,212728,1250,340255,California
Ventura,2021-04-12,8866,541418,4461,259944,3609,259406,796,22068,3734,126938,5114,217842,4525,344780,California
Ventura,2021-04-13,8755,550173,4433,264377,4316,263722,6,22074,3743,125709,4978,222820,3749,348529,California
Ventura,2021-04-14,8648,558821,4056,268433,4577,268299,15,22089,3363,123841,5248,228068,3380,351909,California
Ventura,2021-04-15,9230,568051,4474,272907,4749,273048,7,22096,4054,122745,5157,233225,4061,355970,California
Ventura,2021-04-16,10077,578128,4465,277372,5612,278660,0,22096,4830,122342,5234,238459,4831,360801,California
Ventura,2021-04-17,8518,586646,5295,282667,3222,281882,1,22097,4986,123808,3522,241981,4988,365789,California
Ventura,2021-04-18,2126,588772,1013,283680,1113,282995,0,22097,906,123499,1215,243196,906,366695,California
Ventura,2021-04-19,8003,596775,4840,288520,3162,286157,1,22098,4627,124769,3359,246555,4629,371324,California
Ventura,2021-04-20,9207,605982,4898,293418,4309,290466,0,22098,4349,124275,4844,251399,4350,375674,California
Ventura,2021-04-21,8815,614797,4529,297947,4283,294749,3,22101,4188,123852,4616,256015,4193,379867,California
Ventura,2021-04-22,9995,624792,5474,303421,4521,299270,0,22101,4476,122826,5502,261517,4476,384343,California
Ventura,2021-04-23,10722,635514,5355,308776,5367,304637,0,22101,5344,122816,5354,266871,5344,389687,California
Ventura,2021-04-24,10280,645794,5897,314673,4383,309020,0,22101,6079,124704,4192,271063,6080,395767,California
Ventura,2021-04-25,2463,648257,1694,316367,769,309789,0,22101,1136,124516,1324,272387,1136,396903,California
Ventura,2021-04-26,6771,655028,3936,320303,2797,312586,38,22139,2780,123357,3977,276364,2818,399721,California
Ventura,2021-04-27,7964,662992,4441,324744,3373,315959,150,22289,2974,121503,4977,281341,3123,402844,California
Ventura,2021-04-28,7577,670569,4354,329098,2946,318905,277,22566,3036,120289,4527,285868,3313,406157,California
Ventura,2021-04-29,6454,677023,3440,332538,2798,321703,216,22782,2320,118710,4116,289984,2537,408694,California
Ventura,2021-04-30,5502,682525,3128,335666,2250,323953,124,22906,2200,117742,3285,293269,2317,411011,California
Ventura,2021-05-01,2800,685325,2304,337970,485,324438,11,22917,1175,117312,1617,294886,1187,412198,California
Ventura,2021-05-02,676,686001,608,338578,62,324500,6,22923,622,117887,53,294939,628,412826,California
Yolo,2020-12-15,39,39,39,39,0,0,0,0,39,39,0,0,39,39,California
Yolo,2020-12-16,78,117,78,117,0,0,0,0,78,117,0,0,78,117,California
Yolo,2020-12-17,101,218,101,218,0,0,0,0,101,218,0,0,101,218,California
Yolo,2020-12-18,210,428,210,428,0,0,0,0,210,428,0,0,210,428,California
Yolo,2020-12-19,87,515,87,515,0,0,0,0,87,515,0,0,87,515,California
Yolo,2020-12-20,101,616,101,616,0,0,0,0,101,616,0,0,101,616,California
Yolo,2020-12-21,253,869,253,869,0,0,0,0,253,869,0,0,253,869,California
Yolo,2020-12-22,382,1251,381,1250,1,1,0,0,382,1251,0,0,382,1251,California
Yolo,2020-12-23,431,1682,412,1662,19,20,0,0,431,1682,0,0,431,1682,California
Yolo,2020-12-24,150,1832,94,1756,56,76,0,0,150,1832,0,0,150,1832,California
Yolo,2020-12-25,1,1833,1,1757,0,76,0,0,1,1833,0,0,1,1833,California
Yolo,2020-12-26,75,1908,25,1782,50,126,0,0,75,1908,0,0,75,1908,California
Yolo,2020-12-27,46,1954,19,1801,27,153,0,0,46,1954,0,0,46,1954,California
Yolo,2020-12-28,346,2300,179,1980,167,320,0,0,346,2300,0,0,346,2300,California
Yolo,2020-12-29,487,2787,268,2248,219,539,0,0,487,2787,0,0,487,2787,California
Yolo,2020-12-30,621,3408,254,2502,367,906,0,0,621,3408,0,0,621,3408,California
Yolo,2020-12-31,185,3593,95,2597,90,996,0,0,185,3593,0,0,185,3593,California
Yolo,2021-01-01,57,3650,56,2653,1,997,0,0,57,3650,0,0,57,3650,California
Yolo,2021-01-02,68,3718,25,2678,43,1040,0,0,68,3718,0,0,68,3718,California
Yolo,2021-01-03,44,3762,19,2697,25,1065,0,0,44,3762,0,0,44,3762,California
Yolo,2021-01-04,193,3955,43,2740,150,1215,0,0,193,3955,0,0,193,3955,California
Yolo,2021-01-05,611,4566,236,2976,375,1590,0,0,550,4444,61,61,550,4505,California
Yolo,2021-01-06,480,5046,183,3159,297,1887,0,0,349,4662,131,192,349,4854,California
Yolo,2021-01-07,709,5755,233,3392,476,2363,0,0,520,4994,188,380,520,5374,California
Yolo,2021-01-08,631,6386,311,3703,320,2683,0,0,414,5192,216,596,414,5788,California
Yolo,2021-01-09,409,6795,68,3771,341,3024,0,0,363,5509,46,642,363,6151,California
Yolo,2021-01-10,393,7188,80,3851,313,3337,0,0,323,5762,70,712,323,6474,California
Yolo,2021-01-11,562,7750,325,4176,237,3574,0,0,293,5788,269,981,295,6769,California
Yolo,2021-01-12,481,8231,364,4540,117,3691,0,0,173,5654,308,1289,174,6943,California
Yolo,2021-01-13,769,9000,311,4851,458,4149,0,0,520,5925,249,1538,520,7463,California
Yolo,2021-01-14,374,9374,181,5032,193,4342,0,0,270,6091,104,1642,270,7733,California
Yolo,2021-01-15,624,9998,319,5351,305,4647,0,0,545,6558,79,1721,546,8279,California
Yolo,2021-01-16,740,10738,95,5446,645,5292,0,0,709,7236,31,1752,709,8988,California
Yolo,2021-01-17,186,10924,117,5563,69,5361,0,0,179,7408,7,1759,179,9167,California
Yolo,2021-01-18,478,11402,303,5866,175,5536,0,0,379,7688,99,1858,379,9546,California
Yolo,2021-01-19,554,11956,372,6238,182,5718,0,0,379,7892,175,2033,379,9925,California
Yolo,2021-01-20,659,12615,380,6618,279,5997,0,0,474,8182,184,2217,474,10399,California
Yolo,2021-01-21,647,13262,382,7000,265,6262,0,0,459,8453,188,2405,459,10858,California
Yolo,2021-01-22,745,14007,250,7250,495,6757,0,0,628,8966,115,2520,628,11486,California
Yolo,2021-01-23,613,14620,123,7373,490,7247,0,0,566,9485,47,2567,566,12052,California
Yolo,2021-01-24,207,14827,124,7497,83,7330,0,0,166,9610,41,2608,166,12218,California
Yolo,2021-01-25,728,15555,153,7650,575,7905,0,0,514,9910,214,2822,514,12732,California
Yolo,2021-01-26,817,16372,327,7977,490,8395,0,0,428,9949,389,3211,428,13160,California
Yolo,2021-01-27,554,16926,222,8199,332,8727,0,0,381,10157,173,3384,381,13541,California
Yolo,2021-01-28,1048,17974,565,8764,483,9210,0,0,924,10958,123,3507,924,14465,California
Yolo,2021-01-29,867,18841,263,9027,604,9814,0,0,785,11662,81,3588,785,15250,California
Yolo,2021-01-30,1516,20357,916,9943,600,10414,0,0,1408,12968,102,3690,1408,16658,California
Yolo,2021-01-31,249,20606,211,10154,38,10452,0,0,214,13148,34,3724,214,16872,California
Yolo,2021-02-01,845,21451,361,10515,484,10936,0,0,614,13534,228,3952,614,17486,California
Yolo,2021-02-02,1323,22774,747,11262,576,11512,0,0,932,14076,391,4343,933,18419,California
Yolo,2021-02-03,1513,24287,397,11659,1116,12628,0,0,1183,14932,327,4670,1183,19602,California
Yolo,2021-02-04,1787,26074,281,11940,1506,14134,0,0,1238,15633,538,5208,1239,20841,California
Yolo,2021-02-05,1594,27668,901,12841,693,14827,0,0,1197,16434,397,5605,1198,22039,California
Yolo,2021-02-06,1918,29586,1247,14088,671,15498,0,0,1558,17633,360,5965,1559,23598,California
Yolo,2021-02-07,518,30104,249,14337,269,15767,0,0,171,17458,346,6311,171,23769,California
Yolo,2021-02-08,947,31051,332,14669,615,16382,0,0,605,17724,339,6650,605,24374,California
Yolo,2021-02-09,860,31911,388,15057,472,16854,0,0,578,18020,282,6932,578,24952,California
Yolo,2021-02-10,1454,33365,475,15532,979,17833,0,0,817,18202,637,7569,819,25771,California
Yolo,2021-02-11,1564,34929,797,16329,767,18600,0,0,1185,19008,379,7948,1185,26956,California
Yolo,2021-02-12,1907,36836,748,17077,1159,19759,0,0,1439,19983,464,8412,1439,28395,California
Yolo,2021-02-13,2052,38888,710,17787,1342,21101,0,0,1387,20705,665,9077,1387,29782,California
Yolo,2021-02-14,568,39456,153,17940,415,21516,0,0,443,21024,124,9201,443,30225,California
Yolo,2021-02-15,531,39987,189,18129,342,21858,0,0,266,21026,265,9466,267,30492,California
Yolo,2021-02-16,1122,41109,425,18554,697,22555,0,0,808,21520,314,9780,808,31300,California
Yolo,2021-02-17,1383,42492,700,19254,683,23238,0,0,991,22119,392,10172,991,32291,California
Yolo,2021-02-18,2495,44987,814,20068,1681,24919,0,0,1726,23076,769,10941,1726,34017,California
Yolo,2021-02-19,1737,46724,742,20810,995,25914,0,0,1117,23575,618,11559,1117,35134,California
Yolo,2021-02-20,2433,49157,942,21752,1491,27405,0,0,1361,23870,1067,12626,1362,36496,California
Yolo,2021-02-21,282,49439,225,21977,57,27462,0,0,73,23735,208,12834,73,36569,California
Yolo,2021-02-22,1361,50800,601,22578,760,28222,0,0,692,23759,668,13502,692,37261,California
Yolo,2021-02-23,1121,51921,841,23419,280,28502,0,0,438,23516,681,14183,438,37699,California
Yolo,2021-02-24,2089,54010,589,24008,1500,30002,0,0,1380,24189,707,14890,1380,39079,California
Yolo,2021-02-25,1338,55348,444,24452,894,30896,0,0,874,24600,463,15353,874,39953,California
Yolo,2021-02-26,2583,57931,996,25448,1587,32483,0,0,1381,24782,1199,16552,1381,41334,California
Yolo,2021-02-27,1653,59584,766,26214,887,33370,0,0,1203,25535,450,17002,1203,42537,California
Yolo,2021-02-28,1775,61359,1492,27706,283,33653,0,0,681,25124,1092,18094,681,43218,California
Yolo,2021-03-01,1098,62457,363,28069,735,34388,0,0,667,25362,429,18523,667,43885,California
Yolo,2021-03-02,1460,63917,681,28750,779,35167,0,0,930,25762,530,19053,930,44815,California
Yolo,2021-03-03,1836,65753,628,29378,1208,36375,0,0,830,25588,1004,20057,830,45645,California
Yolo,2021-03-04,2895,68648,1448,30826,1447,37822,0,0,1564,25823,1329,21386,1564,47209,California
Yolo,2021-03-05,2347,70995,1396,32222,940,38762,11,11,1472,26432,874,22260,1483,48692,California
Yolo,2021-03-06,1469,72464,1120,33342,320,39082,29,40,838,26671,628,22888,867,49559,California
Yolo,2021-03-07,906,73370,671,34013,221,39303,14,54,772,27323,134,23022,786,50345,California
Yolo,2021-03-08,1086,74456,486,34499,557,39860,43,97,758,27798,327,23349,802,51147,California
Yolo,2021-03-09,1243,75699,670,35169,513,40373,60,157,755,28127,486,23835,815,51962,California
Yolo,2021-03-10,1790,77489,1045,36214,456,40829,289,446,750,28123,1037,24872,1033,52995,California
Yolo,2021-03-11,2280,79769,1537,37751,677,41506,66,512,1569,29049,710,25582,1636,54631,California
Yolo,2021-03-12,2885,82654,1341,39092,1465,42971,79,591,1368,28986,1509,27091,1446,56077,California
Yolo,2021-03-13,1843,84497,730,39822,936,43907,177,768,1008,29339,832,27923,1185,57262,California
Yolo,2021-03-14,1006,85503,212,40034,644,44551,150,918,525,29530,480,28403,671,57933,California
Yolo,2021-03-15,1322,86825,773,40807,373,44924,176,1094,706,29796,614,29017,880,58813,California
Yolo,2021-03-16,1868,88693,717,41524,1079,46003,72,1166,1105,30210,763,29780,1177,59990,California
Yolo,2021-03-17,2486,91179,968,42492,1446,47449,72,1238,1705,31240,778,30558,1808,61798,California
Yolo,2021-03-18,2885,94064,896,43388,1765,49214,224,1462,1175,30931,1708,32266,1399,63197,California
Yolo,2021-03-19,2063,96127,840,44228,1155,50369,68,1530,1087,31116,970,33236,1155,64352,California
Yolo,2021-03-20,2746,98873,815,45043,1890,52259,41,1571,1114,30647,1626,34862,1157,65509,California
Yolo,2021-03-21,316,99189,215,45258,93,52352,8,1579,229,30798,86,34948,237,65746,California
Yolo,2021-03-22,1392,100581,487,45745,853,53205,52,1631,919,31298,470,35418,970,66716,California
Yolo,2021-03-23,1730,102311,931,46676,743,53948,56,1687,1071,31767,658,36076,1127,67843,California
Yolo,2021-03-24,2848,105159,1392,48068,1407,55355,49,1736,1423,31827,1413,37489,1473,69316,California
Yolo,2021-03-25,2432,107591,1301,49369,1104,56459,27,1763,1167,31766,1255,38744,1194,70510,California
Yolo,2021-03-26,2383,109974,1241,50610,1123,57582,19,1782,1023,31454,1353,40097,1041,71551,California
Yolo,2021-03-27,1647,111621,455,51065,1176,58758,16,1798,763,31350,883,40980,779,72330,California
Yolo,2021-03-28,1107,112728,861,51926,228,58986,18,1816,276,30817,827,41807,294,72624,California
Yolo,2021-03-29,2010,114738,820,52746,1160,60146,30,1846,982,30805,1024,42831,1012,73636,California
Yolo,2021-03-30,2270,117008,1068,53814,1179,61325,23,1869,1183,30929,1082,43913,1206,74842,California
Yolo,2021-03-31,2335,119343,1210,55024,1089,62414,36,1905,1194,31019,1140,45053,1230,76072,California
Yolo,2021-04-01,3748,123091,1767,56791,1507,63921,474,2379,1564,30875,2181,47234,2037,78109,California
Yolo,2021-04-02,3372,126463,1502,58293,1726,65647,144,2523,2087,31827,1279,48513,2231,80340,California
Yolo,2021-04-03,1785,128248,1077,59370,493,66140,215,2738,796,31850,988,49501,1011,81351,California
Yolo,2021-04-04,386,128634,151,59521,173,66313,62,2800,144,31814,242,49743,206,81557,California
Yolo,2021-04-05,1897,130531,724,60245,1075,67388,98,2898,1010,32040,882,50625,1108,82665,California
Yolo,2021-04-06,2557,133088,1296,61541,1091,68479,170,3068,1307,32277,1241,51866,1478,84143,California
Yolo,2021-04-07,2966,136054,1512,63053,1103,69582,351,3419,1920,33507,1039,52905,2269,86412,California
Yolo,2021-04-08,2409,138463,996,64049,944,70526,469,3888,1022,33612,1384,54289,1489,87901,California
Yolo,2021-04-09,2427,140890,880,64929,1052,71578,495,4383,806,33293,1618,55907,1299,89200,California
Yolo,2021-04-10,1687,142577,792,65721,723,72301,172,4555,1001,33783,682,56589,1172,90372,California
Yolo,2021-04-11,864,143441,259,65980,560,72861,45,4600,342,33650,519,57108,386,90758,California
Yolo,2021-04-12,1753,145194,515,66495,1095,73956,143,4743,1085,34213,665,57773,1228,91986,California
Yolo,2021-04-13,1927,147121,872,67367,1055,75011,0,4743,998,34284,927,58700,998,92984,California
Yolo,2021-04-14,2736,149857,736,68103,2000,77011,0,4743,1352,34257,1379,60079,1352,94336,California
Yolo,2021-04-15,3204,153061,1044,69147,2160,79171,0,4743,2249,35555,951,61030,2249,96585,California
Yolo,2021-04-16,2902,155963,1844,70991,1058,80229,0,4743,1832,36322,1065,62095,1832,98417,California
Yolo,2021-04-17,1514,157477,420,71411,1094,81323,0,4743,746,36304,764,62859,746,99163,California
Yolo,2021-04-18,591,158068,263,71674,328,81651,0,4743,348,36412,240,63099,348,99511,California
Yolo,2021-04-19,1667,159735,719,72393,947,82598,1,4744,770,36291,892,63991,771,100282,California
Yolo,2021-04-20,1998,161733,1011,73404,987,83585,0,4744,1074,36443,922,64913,1074,101356,California
Yolo,2021-04-21,1991,163724,991,74395,1000,84585,0,4744,1092,36639,896,65809,1092,102448,California
Yolo,2021-04-22,1794,165518,737,75132,1057,85642,0,4744,948,36747,841,66650,949,103397,California
Yolo,2021-04-23,2572,168090,1487,76619,1085,86727,0,4744,1154,36493,1408,68058,1154,104551,California
Yolo,2021-04-24,1152,169242,630,77249,520,87247,2,4746,455,36260,690,68748,457,105008,California
Yolo,2021-04-25,942,170184,401,77650,541,87788,0,4746,721,36761,220,68968,721,105729,California
Yolo,2021-04-26,1160,171344,435,78085,722,88510,3,4749,473,36553,685,69653,477,106206,California
Yolo,2021-04-27,1452,172796,665,78750,778,89288,9,4758,557,36226,895,70548,568,106774,California
Yolo,2021-04-28,1925,174721,978,79728,922,90210,25,4783,654,35637,1268,71816,679,107453,California
Yolo,2021-04-29,1186,175907,550,80278,574,90784,62,4845,455,35427,728,72544,518,107971,California
Yolo,2021-04-30,1569,177476,803,81081,722,91506,44,4889,782,35471,782,73326,826,108797,California
Yolo,2021-05-01,545,178021,350,81431,183,91689,12,4901,174,35286,371,73697,186,108983,California
Yolo,2021-05-02,359,178380,325,81756,22,91711,12,4913,266,35471,93,73790,278,109261,California
Yuba,2020-12-16,4,4,4,4,0,0,0,0,4,4,0,0,4,4,California
Yuba,2020-12-17,4,8,4,8,0,0,0,0,4,8,0,0,4,8,California
Yuba,2020-12-18,8,16,8,16,0,0,0,0,8,16,0,0,8,16,California
Yuba,2020-12-19,12,28,12,28,0,0,0,0,12,28,0,0,12,28,California
Yuba,2020-12-20,20,48,20,48,0,0,0,0,20,48,0,0,20,48,California
Yuba,2020-12-21,40,88,40,88,0,0,0,0,40,88,0,0,40,88,California
Yuba,2020-12-22,86,174,86,174,0,0,0,0,86,174,0,0,86,174,California
Yuba,2020-12-23,64,238,62,236,2,2,0,0,64,238,0,0,64,238,California
Yuba,2020-12-24,20,258,10,246,10,12,0,0,20,258,0,0,20,258,California
Yuba,2020-12-26,15,273,13,259,2,14,0,0,15,273,0,0,15,273,California
Yuba,2020-12-27,15,288,15,274,0,14,0,0,15,288,0,0,15,288,California
Yuba,2020-12-28,51,339,35,309,16,30,0,0,51,339,0,0,51,339,California
Yuba,2020-12-29,75,414,10,319,65,95,0,0,75,414,0,0,75,414,California
Yuba,2020-12-30,63,477,20,339,43,138,0,0,63,477,0,0,63,477,California
Yuba,2020-12-31,37,514,7,346,30,168,0,0,37,514,0,0,37,514,California
Yuba,2021-01-02,23,537,22,368,1,169,0,0,23,537,0,0,23,537,California
Yuba,2021-01-03,10,547,6,374,4,173,0,0,10,547,0,0,10,547,California
Yuba,2021-01-04,90,637,21,395,69,242,0,0,90,637,0,0,90,637,California
Yuba,2021-01-05,68,705,36,431,32,274,0,0,67,703,1,1,67,704,California
Yuba,2021-01-06,154,859,76,507,78,352,0,0,148,845,6,7,148,852,California
Yuba,2021-01-07,75,934,19,526,56,408,0,0,72,913,4,11,72,924,California
Yuba,2021-01-08,73,1007,25,551,48,456,0,0,66,972,7,18,66,990,California
Yuba,2021-01-09,19,1026,16,567,3,459,0,0,11,975,8,26,11,1001,California
Yuba,2021-01-10,117,1143,22,589,95,554,0,0,95,1048,22,48,95,1096,California
Yuba,2021-01-11,72,1215,50,639,22,576,0,0,32,1040,40,88,32,1128,California
Yuba,2021-01-12,107,1322,77,716,30,606,0,0,42,1017,65,153,42,1170,California
Yuba,2021-01-13,119,1441,72,788,47,653,0,0,54,1007,64,217,54,1224,California
Yuba,2021-01-14,109,1550,43,831,66,719,0,0,97,1092,12,229,97,1321,California
Yuba,2021-01-15,206,1756,88,919,118,837,0,0,195,1276,11,240,195,1516,California
Yuba,2021-01-16,184,1940,21,940,163,1000,0,0,172,1435,13,253,172,1688,California
Yuba,2021-01-17,13,1953,9,949,4,1004,0,0,7,1436,6,259,7,1695,California
Yuba,2021-01-18,60,2013,32,981,28,1032,0,0,35,1446,25,284,35,1730,California
Yuba,2021-01-19,80,2093,29,1010,51,1083,0,0,65,1496,15,299,65,1795,California
Yuba,2021-01-20,133,2226,87,1097,46,1129,0,0,110,1583,23,322,110,1905,California
Yuba,2021-01-21,211,2437,95,1192,116,1245,0,0,203,1778,8,330,203,2108,California
Yuba,2021-01-22,103,2540,6,1198,97,1342,0,0,94,1863,9,339,94,2202,California
Yuba,2021-01-23,200,2740,7,1205,193,1535,0,0,197,2057,3,342,197,2399,California
Yuba,2021-01-24,10,2750,7,1212,3,1538,0,0,8,2063,2,344,8,2407,California
Yuba,2021-01-25,84,2834,28,1240,56,1594,0,0,53,2086,30,374,53,2460,California
Yuba,2021-01-26,148,2982,39,1279,109,1703,0,0,92,2122,56,430,92,2552,California
Yuba,2021-01-27,182,3164,128,1407,54,1757,0,0,115,2170,67,497,115,2667,California
Yuba,2021-01-28,215,3379,79,1486,136,1893,0,0,174,2303,41,538,174,2841,California
Yuba,2021-01-29,159,3538,56,1542,103,1996,0,0,112,2368,47,585,112,2953,California
Yuba,2021-01-30,410,3948,23,1565,387,2383,0,0,399,2756,11,596,399,3352,California
Yuba,2021-01-31,17,3965,12,1577,5,2388,0,0,15,2769,2,598,15,3367,California
Yuba,2021-02-01,155,4120,75,1652,80,2468,0,0,131,2878,23,621,132,3499,California
Yuba,2021-02-02,123,4243,23,1675,100,2568,0,0,101,2957,22,643,101,3600,California
Yuba,2021-02-03,226,4469,29,1704,197,2765,0,0,114,2960,111,754,114,3714,California
Yuba,2021-02-04,295,4764,120,1824,175,2940,0,0,252,3169,43,797,252,3966,California
Yuba,2021-02-05,147,4911,32,1856,115,3055,0,0,71,3164,76,873,71,4037,California
Yuba,2021-02-06,449,5360,26,1882,423,3478,0,0,441,3597,8,881,441,4478,California
Yuba,2021-02-07,18,5378,11,1893,7,3485,0,0,15,3609,3,884,15,4493,California
Yuba,2021-02-08,96,5474,35,1928,61,3546,0,0,66,3645,30,914,66,4559,California
Yuba,2021-02-09,153,5627,55,1983,98,3644,0,0,84,3660,69,983,84,4643,California
Yuba,2021-02-10,352,5979,172,2155,180,3824,0,0,114,3537,237,1220,114,4757,California
Yuba,2021-02-11,397,6376,63,2218,334,4158,0,0,301,3744,94,1314,301,5058,California
Yuba,2021-02-12,265,6641,27,2245,238,4396,0,0,151,3781,114,1428,151,5209,California
Yuba,2021-02-13,435,7076,35,2280,400,4796,0,0,387,4120,48,1476,387,5596,California
Yuba,2021-02-14,54,7130,11,2291,43,4839,0,0,49,4164,5,1481,49,5645,California
Yuba,2021-02-15,87,7217,36,2327,51,4890,0,0,68,4213,19,1500,68,5713,California
Yuba,2021-02-16,199,7416,53,2380,146,5036,0,0,140,4295,58,1558,140,5853,California
Yuba,2021-02-17,372,7788,156,2536,216,5252,0,0,99,4122,272,1830,99,5952,California
Yuba,2021-02-18,317,8105,46,2582,271,5523,0,0,194,4193,123,1953,194,6146,California
Yuba,2021-02-19,226,8331,84,2666,142,5665,0,0,143,4253,83,2036,143,6289,California
Yuba,2021-02-20,389,8720,30,2696,359,6024,0,0,335,4534,54,2090,335,6624,California
Yuba,2021-02-21,16,8736,14,2710,2,6026,0,0,6,4530,10,2100,6,6630,California
Yuba,2021-02-22,128,8864,79,2789,49,6075,0,0,38,4479,89,2189,38,6668,California
Yuba,2021-02-23,113,8977,25,2814,88,6163,0,0,46,4459,66,2255,46,6714,California
Yuba,2021-02-24,480,9457,135,2949,345,6508,0,0,107,4193,373,2628,107,6821,California
Yuba,2021-02-25,334,9791,133,3082,201,6709,0,0,206,4271,128,2756,206,7027,California
Yuba,2021-02-26,256,10047,67,3149,189,6898,0,0,143,4303,111,2867,143,7170,California
Yuba,2021-02-27,471,10518,46,3195,425,7323,0,0,382,4598,87,2954,382,7552,California
Yuba,2021-02-28,66,10584,21,3216,45,7368,0,0,45,4622,21,2975,45,7597,California
Yuba,2021-03-01,154,10738,40,3256,114,7482,0,0,78,4625,75,3050,78,7675,California
Yuba,2021-03-02,158,10896,35,3291,123,7605,0,0,78,4623,80,3130,78,7753,California
Yuba,2021-03-03,622,11518,159,3450,463,8068,0,0,200,4402,421,3551,200,7953,California
Yuba,2021-03-04,467,11985,270,3720,197,8265,0,0,326,4588,140,3691,326,8279,California
Yuba,2021-03-05,316,12301,59,3779,256,8521,1,1,249,4771,67,3758,250,8529,California
Yuba,2021-03-06,475,12776,35,3814,436,8957,4,5,369,5038,106,3864,373,8902,California
Yuba,2021-03-07,49,12825,27,3841,21,8978,1,6,33,5056,16,3880,34,8936,California
Yuba,2021-03-08,159,12984,49,3890,94,9072,16,22,100,5113,59,3939,116,9052,California
Yuba,2021-03-09,175,13159,46,3936,110,9182,19,41,83,5123,92,4031,102,9154,California
Yuba,2021-03-10,736,13895,233,4169,473,9655,30,71,232,4882,503,4534,262,9416,California
Yuba,2021-03-11,427,14322,186,4355,229,9884,12,83,294,5055,133,4667,306,9722,California
Yuba,2021-03-12,463,14785,87,4442,322,10206,54,137,150,4946,313,4980,204,9926,California
Yuba,2021-03-13,454,15239,334,4776,105,10311,15,152,360,5228,93,5073,375,10301,California
Yuba,2021-03-14,107,15346,21,4797,76,10387,10,162,46,5224,60,5133,56,10357,California
Yuba,2021-03-15,190,15536,49,4846,124,10511,17,179,96,5243,94,5227,113,10470,California
Yuba,2021-03-16,290,15826,71,4917,194,10705,25,204,177,5333,112,5339,202,10672,California
Yuba,2021-03-17,738,16564,161,5078,548,11253,29,233,192,5010,544,5883,221,10893,California
Yuba,2021-03-18,570,17134,149,5227,308,11561,113,346,347,5246,223,6106,459,11352,California
Yuba,2021-03-19,325,17459,120,5347,156,11717,49,395,186,5343,138,6244,235,11587,California
Yuba,2021-03-20,554,18013,80,5427,456,12173,18,413,474,5756,79,6323,492,12079,California
Yuba,2021-03-21,60,18073,35,5462,25,12198,0,413,48,5792,12,6335,48,12127,California
Yuba,2021-03-22,190,18263,70,5532,113,12311,7,420,148,5905,42,6377,155,12282,California
Yuba,2021-03-23,263,18526,79,5611,157,12468,27,447,177,6025,84,6461,204,12486,California
Yuba,2021-03-24,766,19292,252,5863,433,12901,81,528,187,5715,577,7038,267,12753,California
Yuba,2021-03-25,494,19786,261,6124,211,13112,22,550,244,5731,250,7288,266,13019,California
Yuba,2021-03-26,389,20175,143,6267,219,13331,27,577,223,5816,165,7453,250,13269,California
Yuba,2021-03-27,458,20633,27,6294,428,13759,3,580,404,6169,53,7506,406,13675,California
Yuba,2021-03-28,99,20732,40,6334,55,13814,4,584,37,6148,62,7568,41,13716,California
Yuba,2021-03-29,290,21022,85,6419,174,13988,31,615,177,6243,113,7681,208,13924,California
Yuba,2021-03-30,273,21295,67,6486,198,14186,8,623,192,6362,81,7762,200,14124,California
Yuba,2021-03-31,670,21965,113,6599,545,14731,12,635,240,6185,429,8191,252,14376,California
Yuba,2021-04-01,611,22576,282,6881,300,15031,29,664,278,6159,333,8524,307,14683,California
Yuba,2021-04-02,491,23067,93,6974,315,15346,83,747,184,6119,306,8830,266,14949,California
Yuba,2021-04-03,652,23719,55,7029,115,15461,482,1229,86,6122,565,9395,568,15517,California
Yuba,2021-04-04,58,23777,11,7040,41,15502,6,1235,33,6136,25,9420,39,15556,California
Yuba,2021-04-05,245,24022,78,7118,147,15649,20,1255,123,6158,120,9540,142,15698,California
Yuba,2021-04-06,351,24373,114,7232,177,15826,60,1315,168,6204,182,9722,228,15926,California
Yuba,2021-04-07,770,25143,396,7628,321,16147,53,1368,347,6183,420,10142,399,16325,California
Yuba,2021-04-08,724,25867,291,7919,171,16318,262,1630,257,6236,466,10608,519,16844,California
Yuba,2021-04-09,391,26258,170,8089,157,16475,64,1694,159,6228,231,10839,223,17067,California
Yuba,2021-04-10,593,26851,72,8161,74,16549,447,2141,70,6224,521,11360,517,17584,California
Yuba,2021-04-11,98,26949,22,8183,64,16613,12,2153,39,6216,59,11419,51,17635,California
Yuba,2021-04-12,210,27159,46,8229,135,16748,29,2182,81,6198,128,11547,110,17745,California
Yuba,2021-04-13,394,27553,100,8329,294,17042,0,2182,202,6209,191,11738,202,17947,California
Yuba,2021-04-14,690,28243,107,8436,583,17625,0,2182,117,5754,572,12310,117,18064,California
Yuba,2021-04-15,313,28556,124,8560,189,17814,0,2182,128,5697,185,12495,128,18192,California
Yuba,2021-04-16,330,28886,101,8661,229,18043,0,2182,178,5723,152,12647,178,18370,California
Yuba,2021-04-17,392,29278,55,8716,337,18380,0,2182,321,5974,70,12717,321,18691,California
Yuba,2021-04-18,52,29330,9,8725,43,18423,0,2182,24,5970,28,12745,24,18715,California
Yuba,2021-04-19,245,29575,102,8827,143,18566,0,2182,104,5933,141,12886,104,18819,California
Yuba,2021-04-20,301,29876,78,8905,223,18789,0,2182,175,5984,125,13011,176,18995,California
Yuba,2021-04-21,705,30581,287,9192,418,19207,0,2182,304,5887,401,13412,304,19299,California
Yuba,2021-04-22,311,30892,117,9309,194,19401,0,2182,177,5930,134,13546,177,19476,California
Yuba,2021-04-23,334,31226,105,9414,229,19630,0,2182,162,5920,172,13718,162,19638,California
Yuba,2021-04-24,216,31442,68,9482,148,19778,0,2182,123,5950,93,13811,123,19761,California
Yuba,2021-04-25,74,31516,30,9512,44,19822,0,2182,37,5950,37,13848,37,19798,California
Yuba,2021-04-26,217,31733,47,9559,166,19988,4,2186,102,5941,115,13963,106,19904,California
Yuba,2021-04-27,435,32168,149,9708,276,20264,10,2196,214,5946,219,14182,224,20128,California
Yuba,2021-04-28,415,32583,168,9876,242,20506,5,2201,134,5810,275,14457,139,20267,California
Yuba,2021-04-29,343,32926,25,9901,316,20822,2,2203,103,5676,239,14696,105,20372,California
Yuba,2021-04-30,241,33167,48,9949,165,20987,28,2231,94,5653,144,14840,121,20493,California
Yuba,2021-05-01,116,33283,32,9981,66,21053,18,2249,39,5634,76,14916,57,20550,California
Yuba,2021-05-02,28,33311,17,9998,8,21061,3,2252,16,5641,12,14928,19,20569,California
